385 1
6559 2
8042 3
3325 4
6594 5
3600 6
6622 7
3350 8
8056 9
3034 10
2388 11
5046 12
5352 13
39 14
2977 15
2599 16
3751 17
2118 18
655 19
1946 20
301 21
8147 22
778 23
7859 24
7519 25
835 26
7452 27
2204 28
5002 29
2196 30
1981 31
9600 32
5994 33
7777 34
8811 35
919 36
1964 37
1058 38
4305 39
3156 40
8414 41
9818 42
6277 43
6568 44
4725 45
3412 46
5047 47
6405 48
2992 49
4768 50
9050 51
4322 52
2454 53
809 54
4211 55
8767 56
1171 57
597 58
2357 59
241 60
9130 61
5002 62
5318 63
1523 64
1950 65
9559 66
5982 67
5624 68
5393 69
7517 70
6198 71
5692 72
6693 73
1024 74
5072 75
2636 76
9926 77
589 78
7267 79
1536 80
4198 81
5196 82
5067 83
5116 84
8237 85
6054 86
5139 87
5598 88
7268 89
2359 90
4348 91
7335 92
8819 93
4554 94
6053 95
3287 96
7168 97
9268 98
3728 99
72 100
1083 101
8763 102
8755 103
439 104
1665 105
5610 106
4346 107
1269 108
6659 109
9558 110
127 111
7510 112
4866 113
267 114
8755 115
474 116
7739 117
9577 118
3049 119
1994 120
1611 121
5868 122
3880 123
4774 124
886 125
4833 126
1949 127
2651 128
6406 129
1118 130
4367 131
1907 132
4113 133
7556 134
3176 135
4586 136
3270 137
7933 138
7596 139
1585 140
3268 141
4504 142
3181 143
3681 144
5158 145
6987 146
6076 147
9291 148
1115 149
8862 150
5492 151
7981 152
3266 153
1893 154
8313 155
8797 156
215 157
6923 158
8090 159
3992 160
1318 161
2339 162
6069 163
9118 164
7593 165
7772 166
6693 167
7744 168
8164 169
9644 170
7544 171
312 172
802 173
8804 174
1559 175
4748 176
1799 177
3272 178
7414 179
2126 180
4565 181
5058 182
7291 183
4564 184
2144 185
542 186
1613 187
2761 188
7518 189
3728 190
486 191
7776 192
5105 193
9347 194
5097 195
4973 196
9121 197
9893 198
6526 199
4658 200
9676 201
743 202
4631 203
7876 204
1578 205
5778 206
6160 207
3733 208
5001 209
3823 210
1041 211
5219 212
4693 213
4280 214
9026 215
4644 216
5710 217
257 218
2363 219
2880 220
7964 221
7715 222
319 223
998 224
4838 225
831 226
3233 227
2516 228
1421 229
5825 230
9747 231
2132 232
5271 233
4655 234
3099 235
2877 236
2428 237
514 238
9504 239
2934 240
5424 241
9801 242
3348 243
5840 244
5160 245
8053 246
2450 247
2475 248
8767 249
1522 250
3565 251
6894 252
4025 253
1016 254
6836 255
9079 256
650 257
8603 258
4699 259
9362 260
4865 261
304 262
3889 263
5453 264
6511 265
9275 266
8814 267
4827 268
2678 269
3208 270
5060 271
8049 272
9181 273
8101 274
8525 275
4979 276
5795 277
4870 278
5080 279
2092 280
9745 281
3398 282
1199 283
9622 284
8920 285
9100 286
280 287
1521 288
779 289
877 290
5858 291
4258 292
7567 293
5253 294
5959 295
7425 296
567 297
807 298
7921 299
3121 300
5116 301
3770 302
2442 303
3480 304
8992 305
5542 306
3477 307
7691 308
2967 309
5041 310
4280 311
7084 312
6396 313
906 314
4660 315
9889 316
5771 317
964 318
7924 319
9849 320
4835 321
7867 322
3100 323
7759 324
1021 325
8446 326
7307 327
9310 328
4232 329
1504 330
315 331
2639 332
1723 333
6756 334
9220 335
4907 336
493 337
9572 338
1310 339
9052 340
9912 341
5834 342
1281 343
1892 344
7368 345
2895 346
3297 347
2683 348
5948 349
6439 350
8712 351
6288 352
5111 353
2002 354
5005 355
592 356
9793 357
7024 358
2170 359
6370 360
4399 361
6184 362
5071 363
3118 364
4266 365
6234 366
4830 367
9737 368
3685 369
3778 370
2169 371
7083 372
328 373
6954 374
2690 375
6777 376
5917 377
9603 378
1902 379
6347 380
1560 381
9071 382
5054 383
2456 384
7516 385
6951 386
3621 387
6388 388
4463 389
6292 390
1806 391
4654 392
6134 393
1790 394
6210 395
5046 396
4894 397
4691 398
8773 399
6763 400
1451 401
7696 402
3590 403
8306 404
3144 405
6064 406
6964 407
4902 408
2178 409
8694 410
7626 411
5930 412
9704 413
9864 414
4804 415
3571 416
2661 417
4838 418
2275 419
6952 420
2064 421
6747 422
4933 423
4923 424
8104 425
4974 426
575 427
2710 428
8108 429
7980 430
4571 431
9885 432
5064 433
1141 434
686 435
6603 436
6777 437
1840 438
6721 439
2440 440
8045 441
3086 442
8779 443
6783 444
2213 445
5318 446
2027 447
966 448
2715 449
185 450
2693 451
6424 452
9573 453
9906 454
5155 455
978 456
3398 457
4680 458
2989 459
7641 460
8939 461
1333 462
9953 463
9011 464
6563 465
1799 466
631 467
7948 468
7157 469
1080 470
3883 471
6628 472
9160 473
8604 474
6228 475
3669 476
8647 477
3466 478
4385 479
5254 480
3984 481
8126 482
7817 483
1612 484
1807 485
5103 486
1213 487
9054 488
8299 489
6562 490
9241 491
8988 492
4308 493
1091 494
9885 495
7083 496
4443 497
9756 498
7287 499
6827 500
3061 501
5944 502
1120 503
4609 504
5992 505
1475 506
3343 507
7570 508
1417 509
9102 510
9813 511
7642 512
8126 513
7655 514
8145 515
8840 516
8396 517
1411 518
7825 519
6241 520
7287 521
1126 522
1190 523
9853 524
4435 525
3850 526
1923 527
9376 528
49 529
6305 530
7980 531
2344 532
3986 533
5807 534
7743 535
1375 536
1509 537
9423 538
1403 539
9399 540
3097 541
4918 542
8102 543
1384 544
5100 545
4416 546
4002 547
4036 548
1379 549
5347 550
1439 551
7567 552
502 553
922 554
1624 555
1839 556
3439 557
4958 558
946 559
1518 560
3234 561
7012 562
3927 563
2153 564
5436 565
4165 566
4594 567
2156 568
6782 569
7944 570
4100 571
4621 572
1581 573
1166 574
3712 575
9408 576
9565 577
4401 578
8101 579
8410 580
5098 581
3627 582
2834 583
3237 584
5135 585
9181 586
5186 587
903 588
408 589
7556 590
5468 591
1633 592
9997 593
4924 594
4140 595
8102 596
1453 597
8547 598
1413 599
3409 600
7667 601
8619 602
2555 603
368 604
4233 605
438 606
6539 607
6957 608
7382 609
9958 610
7688 611
6567 612
2721 613
920 614
9666 615
4461 616
5121 617
9217 618
7751 619
8759 620
6893 621
9402 622
1357 623
1996 624
3936 625
5095 626
6902 627
9549 628
4218 629
8196 630
570 631
7347 632
7193 633
6695 634
765 635
2615 636
7677 637
7136 638
469 639
2884 640
9062 641
1172 642
7251 643
3418 644
5780 645
626 646
3714 647
9027 648
9323 649
7967 650
822 651
8791 652
6649 653
8336 654
6351 655
4499 656
7532 657
602 658
6006 659
6033 660
6526 661
7070 662
364 663
3045 664
8927 665
779 666
9592 667
4377 668
9538 669
6871 670
3543 671
6465 672
7040 673
8784 674
6080 675
2135 676
6283 677
6444 678
396 679
8046 680
387 681
2138 682
6600 683
4194 684
4897 685
9885 686
464 687
164 688
429 689
3742 690
4799 691
1686 692
7155 693
3167 694
2893 695
632 696
2304 697
2250 698
9226 699
6074 700
2965 701
7051 702
9217 703
1833 704
6187 705
9510 706
8825 707
8531 708
6792 709
7756 710
3460 711
5861 712
5071 713
3736 714
8110 715
3597 716
3490 717
4 718
6805 719
6540 720
9952 721
6562 722
2934 723
1527 724
6950 725
730 726
8694 727
8714 728
357 729
0 730
4379 731
3189 732
2877 733
7307 734
3096 735
5831 736
9207 737
5863 738
8167 739
2632 740
6292 741
4922 742
3027 743
6331 744
8567 745
2 746
6783 747
9809 748
4569 749
8168 750
6649 751
618 752
2129 753
9504 754
1613 755
5525 756
3400 757
8339 758
8518 759
8530 760
2028 761
7956 762
2020 763
8367 764
8994 765
8450 766
4189 767
9840 768
3263 769
8749 770
2815 771
2575 772
1182 773
6006 774
6829 775
9278 776
1493 777
9497 778
4312 779
8936 780
388 781
251 782
8246 783
2563 784
2625 785
3514 786
8976 787
9225 788
511 789
4867 790
6335 791
1765 792
3996 793
7313 794
4083 795
2917 796
3068 797
1075 798
8158 799
6488 800
2634 801
3199 802
1850 803
7081 804
5806 805
1898 806
9863 807
8895 808
7812 809
3714 810
3221 811
6504 812
6257 813
9564 814
5629 815
2899 816
7038 817
5921 818
1674 819
3893 820
2445 821
758 822
7781 823
1834 824
9054 825
5844 826
8386 827
2749 828
3903 829
6728 830
2701 831
6146 832
1801 833
1423 834
9795 835
607 836
8181 837
8468 838
5010 839
2865 840
7114 841
7370 842
1747 843
9350 844
7897 845
5706 846
4785 847
8505 848
471 849
2624 850
7207 851
6582 852
3337 853
7464 854
3697 855
8929 856
9311 857
1757 858
66 859
4578 860
5272 861
3146 862
2388 863
1541 864
1337 865
4583 866
7459 867
1595 868
8281 869
7599 870
6258 871
1128 872
1732 873
8551 874
2046 875
8750 876
6159 877
8698 878
3260 879
5876 880
4011 881
8562 882
7668 883
2715 884
4248 885
1716 886
9404 887
1785 888
4437 889
5238 890
2728 891
5365 892
3215 893
2001 894
409 895
226 896
3256 897
9070 898
3307 899
2270 900
1323 901
7354 902
1329 903
3779 904
7713 905
8923 906
300 907
3639 908
5140 909
6056 910
3674 911
2601 912
1316 913
849 914
1559 915
4483 916
1123 917
9048 918
2884 919
1319 920
4108 921
452 922
6906 923
3490 924
9961 925
2775 926
491 927
2677 928
7817 929
7979 930
591 931
7575 932
4973 933
2291 934
824 935
3004 936
9679 937
2177 938
1346 939
4153 940
2955 941
9395 942
3276 943
240 944
8133 945
5231 946
7152 947
7096 948
9325 949
5145 950
3593 951
2717 952
3243 953
6838 954
4626 955
3750 956
913 957
7831 958
5629 959
4655 960
654 961
9105 962
718 963
2241 964
6167 965
9644 966
8855 967
2570 968
4099 969
2557 970
6346 971
7190 972
3263 973
4949 974
8014 975
479 976
4525 977
3185 978
6263 979
2097 980
2387 981
7005 982
6468 983
892 984
18 985
9331 986
548 987
9542 988
9270 989
2549 990
2917 991
7449 992
1534 993
3618 994
5836 995
65 996
4291 997
2420 998
3182 999
1435 1000
8252 1001
8484 1002
4181 1003
409 1004
3908 1005
3764 1006
2752 1007
7376 1008
9196 1009
2811 1010
932 1011
1762 1012
8879 1013
8557 1014
5279 1015
5008 1016
7267 1017
891 1018
4343 1019
6057 1020
3789 1021
7907 1022
3032 1023
3863 1024
2605 1025
47 1026
2641 1027
4590 1028
5949 1029
984 1030
9434 1031
8709 1032
6844 1033
2295 1034
8900 1035
7087 1036
377 1037
6445 1038
5948 1039
5879 1040
8664 1041
4043 1042
1715 1043
2691 1044
3641 1045
798 1046
1631 1047
5605 1048
9218 1049
7991 1050
9227 1051
2600 1052
9193 1053
7075 1054
8708 1055
2529 1056
4796 1057
9927 1058
205 1059
8939 1060
8176 1061
3245 1062
5199 1063
2027 1064
156 1065
8861 1066
9150 1067
7610 1068
5716 1069
3027 1070
9241 1071
1338 1072
7140 1073
6221 1074
3856 1075
2163 1076
3480 1077
6653 1078
3639 1079
9125 1080
9204 1081
1840 1082
9579 1083
9210 1084
4864 1085
3514 1086
7264 1087
1873 1088
3082 1089
6533 1090
5902 1091
8627 1092
2157 1093
5070 1094
4490 1095
1632 1096
1081 1097
224 1098
3016 1099
8060 1100
4150 1101
759 1102
1091 1103
1697 1104
6699 1105
2944 1106
9356 1107
2493 1108
4933 1109
542 1110
9934 1111
4737 1112
9653 1113
8338 1114
1756 1115
6057 1116
2510 1117
6670 1118
8700 1119
7990 1120
3275 1121
2567 1122
2310 1123
3295 1124
2834 1125
587 1126
5454 1127
7274 1128
3180 1129
9854 1130
8998 1131
6331 1132
9610 1133
6214 1134
291 1135
9165 1136
8317 1137
6869 1138
2831 1139
9104 1140
6543 1141
901 1142
2465 1143
5784 1144
9259 1145
2383 1146
4563 1147
6057 1148
8959 1149
9569 1150
8146 1151
8673 1152
8643 1153
6288 1154
6448 1155
8382 1156
4058 1157
3762 1158
8511 1159
774 1160
7207 1161
111 1162
2992 1163
6348 1164
8471 1165
1002 1166
6468 1167
9056 1168
4371 1169
3515 1170
8522 1171
185 1172
9883 1173
8780 1174
8256 1175
5031 1176
6576 1177
4992 1178
5365 1179
4537 1180
2672 1181
2465 1182
179 1183
92 1184
625 1185
4588 1186
7842 1187
2088 1188
342 1189
3463 1190
1161 1191
8081 1192
5101 1193
4489 1194
6046 1195
4440 1196
7327 1197
5071 1198
2105 1199
2761 1200
6476 1201
8552 1202
7198 1203
9383 1204
7639 1205
2750 1206
6996 1207
6794 1208
9801 1209
4153 1210
876 1211
2317 1212
549 1213
9167 1214
2887 1215
2023 1216
3787 1217
3047 1218
8106 1219
2749 1220
2940 1221
2440 1222
2073 1223
6032 1224
8560 1225
4764 1226
2847 1227
5829 1228
7887 1229
816 1230
8240 1231
57 1232
3486 1233
2802 1234
406 1235
1291 1236
9649 1237
8253 1238
2420 1239
8784 1240
4714 1241
5153 1242
2596 1243
4270 1244
1422 1245
2544 1246
637 1247
6054 1248
2983 1249
1134 1250
7293 1251
6227 1252
5370 1253
9285 1254
9261 1255
3931 1256
202 1257
2339 1258
9711 1259
7221 1260
6346 1261
9770 1262
551 1263
7017 1264
8131 1265
3565 1266
5244 1267
8792 1268
1137 1269
4654 1270
2996 1271
3849 1272
8309 1273
545 1274
9481 1275
8405 1276
6636 1277
8664 1278
1239 1279
5117 1280
4222 1281
6872 1282
2897 1283
5502 1284
7134 1285
5258 1286
9183 1287
333 1288
3913 1289
2159 1290
9108 1291
7441 1292
6037 1293
6555 1294
5804 1295
7343 1296
7603 1297
972 1298
3798 1299
1688 1300
7732 1301
2767 1302
3250 1303
8839 1304
4714 1305
42 1306
9939 1307
2107 1308
3643 1309
1589 1310
5837 1311
4118 1312
5140 1313
6547 1314
882 1315
8672 1316
3812 1317
2045 1318
938 1319
9781 1320
1271 1321
6382 1322
5217 1323
5722 1324
6497 1325
7161 1326
2632 1327
5138 1328
9549 1329
4914 1330
4618 1331
8675 1332
5515 1333
8422 1334
8546 1335
706 1336
56 1337
1035 1338
4825 1339
1291 1340
718 1341
3938 1342
1024 1343
3424 1344
8700 1345
7548 1346
5184 1347
5912 1348
9544 1349
597 1350
4534 1351
9146 1352
2358 1353
1412 1354
510 1355
1844 1356
5414 1357
9196 1358
6993 1359
9453 1360
1752 1361
1320 1362
7782 1363
3974 1364
8563 1365
9485 1366
5864 1367
4120 1368
4416 1369
7030 1370
5553 1371
3156 1372
4929 1373
7777 1374
7564 1375
4157 1376
4329 1377
1617 1378
3633 1379
9022 1380
4058 1381
8089 1382
8980 1383
7413 1384
7985 1385
3563 1386
1682 1387
6209 1388
66 1389
3509 1390
1529 1391
8629 1392
404 1393
1387 1394
3564 1395
7620 1396
5108 1397
9149 1398
2353 1399
5586 1400
9512 1401
5113 1402
4458 1403
9588 1404
9147 1405
4247 1406
1710 1407
5385 1408
9798 1409
5465 1410
6406 1411
730 1412
4314 1413
4513 1414
9239 1415
9553 1416
2786 1417
4757 1418
1975 1419
798 1420
3464 1421
8823 1422
2062 1423
8932 1424
8586 1425
3055 1426
89 1427
6708 1428
2631 1429
8110 1430
5679 1431
1182 1432
6600 1433
9664 1434
7456 1435
1137 1436
3319 1437
4654 1438
4984 1439
618 1440
8900 1441
6452 1442
839 1443
1849 1444
6867 1445
686 1446
223 1447
3590 1448
7530 1449
7354 1450
4922 1451
9 1452
2631 1453
5615 1454
1722 1455
5430 1456
4993 1457
5388 1458
5927 1459
6577 1460
1488 1461
9964 1462
8952 1463
3600 1464
3526 1465
5220 1466
4987 1467
9182 1468
9156 1469
9420 1470
1281 1471
2345 1472
3763 1473
9919 1474
2326 1475
2095 1476
1276 1477
9400 1478
627 1479
2732 1480
2233 1481
5152 1482
3958 1483
5938 1484
4145 1485
5392 1486
1656 1487
7289 1488
4256 1489
2694 1490
3762 1491
4099 1492
5993 1493
7645 1494
1931 1495
5981 1496
4767 1497
7113 1498
6735 1499
7114 1500
6485 1501
790 1502
4912 1503
2717 1504
869 1505
4264 1506
6513 1507
6195 1508
43 1509
7158 1510
9794 1511
3399 1512
4517 1513
5938 1514
8408 1515
9227 1516
4446 1517
2649 1518
715 1519
9924 1520
1843 1521
4563 1522
569 1523
7929 1524
5714 1525
4364 1526
8490 1527
678 1528
3098 1529
5444 1530
3691 1531
541 1532
1797 1533
8991 1534
564 1535
5515 1536
2552 1537
9894 1538
9613 1539
1395 1540
9632 1541
4446 1542
5640 1543
7412 1544
5355 1545
519 1546
1796 1547
6464 1548
4312 1549
1563 1550
463 1551
8983 1552
4178 1553
6268 1554
1416 1555
7646 1556
7466 1557
1829 1558
8962 1559
9612 1560
7999 1561
1273 1562
1633 1563
5334 1564
7546 1565
5844 1566
3206 1567
3144 1568
3146 1569
3837 1570
617 1571
9555 1572
2762 1573
9644 1574
7031 1575
4990 1576
2566 1577
2440 1578
8104 1579
9765 1580
2316 1581
8692 1582
2634 1583
2708 1584
9959 1585
5786 1586
9964 1587
1969 1588
2539 1589
3845 1590
8329 1591
3059 1592
8376 1593
7402 1594
7708 1595
4766 1596
2858 1597
4961 1598
1841 1599
6092 1600
1775 1601
5120 1602
2268 1603
477 1604
7860 1605
6675 1606
6440 1607
5235 1608
2421 1609
163 1610
8214 1611
1400 1612
5537 1613
8177 1614
8415 1615
5340 1616
9846 1617
9115 1618
1450 1619
3878 1620
3050 1621
5096 1622
5955 1623
3463 1624
669 1625
4382 1626
28 1627
115 1628
4620 1629
1681 1630
2395 1631
5156 1632
1273 1633
7865 1634
2156 1635
8266 1636
7787 1637
523 1638
226 1639
8080 1640
7665 1641
7724 1642
1693 1643
1352 1644
5571 1645
5224 1646
5173 1647
9505 1648
8719 1649
1324 1650
3686 1651
3295 1652
5589 1653
7918 1654
2857 1655
7375 1656
6687 1657
8036 1658
7667 1659
3648 1660
363 1661
9300 1662
8288 1663
1105 1664
8091 1665
5983 1666
640 1667
8469 1668
7700 1669
7707 1670
9651 1671
3623 1672
5984 1673
4867 1674
8648 1675
3512 1676
7024 1677
9531 1678
896 1679
2653 1680
8795 1681
845 1682
7202 1683
4223 1684
6830 1685
8766 1686
5066 1687
3565 1688
8053 1689
8486 1690
9770 1691
9736 1692
4743 1693
4742 1694
577 1695
4809 1696
9450 1697
852 1698
3940 1699
4826 1700
3931 1701
7930 1702
8639 1703
6904 1704
7166 1705
2714 1706
8348 1707
2831 1708
5367 1709
1985 1710
9583 1711
2773 1712
581 1713
7089 1714
1017 1715
3915 1716
6200 1717
4814 1718
8927 1719
147 1720
2740 1721
9678 1722
6097 1723
4612 1724
9911 1725
8074 1726
3968 1727
1839 1728
6853 1729
4923 1730
5992 1731
962 1732
2004 1733
7743 1734
9811 1735
2868 1736
4950 1737
605 1738
822 1739
2063 1740
279 1741
9779 1742
8941 1743
9867 1744
977 1745
325 1746
6044 1747
7593 1748
1455 1749
3856 1750
9799 1751
5046 1752
1564 1753
9629 1754
845 1755
8626 1756
34 1757
4833 1758
7665 1759
7152 1760
5361 1761
22 1762
9077 1763
7006 1764
7415 1765
7088 1766
5557 1767
1464 1768
1600 1769
1088 1770
9302 1771
8746 1772
9036 1773
6213 1774
9939 1775
2929 1776
8006 1777
7716 1778
2124 1779
2874 1780
4518 1781
8383 1782
7214 1783
9209 1784
4515 1785
134 1786
3314 1787
2615 1788
9755 1789
5001 1790
4863 1791
3479 1792
6217 1793
3869 1794
9420 1795
2220 1796
6138 1797
265 1798
9301 1799
9669 1800
7545 1801
7998 1802
7980 1803
7921 1804
7087 1805
9702 1806
7641 1807
7845 1808
6648 1809
4580 1810
8464 1811
215 1812
6970 1813
3409 1814
4211 1815
5587 1816
6554 1817
3374 1818
2628 1819
4911 1820
4858 1821
9958 1822
2961 1823
7894 1824
6945 1825
4031 1826
8958 1827
6436 1828
2188 1829
8263 1830
1915 1831
8466 1832
8951 1833
6762 1834
9715 1835
8448 1836
924 1837
6365 1838
4366 1839
6256 1840
7424 1841
7344 1842
9122 1843
5080 1844
9181 1845
3496 1846
636 1847
5139 1848
1737 1849
6277 1850
574 1851
4405 1852
5392 1853
4780 1854
4951 1855
9207 1856
2953 1857
2585 1858
6921 1859
7915 1860
8846 1861
8159 1862
7944 1863
8591 1864
7505 1865
2982 1866
8891 1867
6940 1868
6372 1869
4024 1870
708 1871
3863 1872
2920 1873
6999 1874
2695 1875
2090 1876
1462 1877
3520 1878
292 1879
546 1880
6250 1881
2483 1882
7607 1883
9610 1884
5809 1885
96 1886
2324 1887
6299 1888
408 1889
8601 1890
5896 1891
9455 1892
7061 1893
8861 1894
4995 1895
4822 1896
2039 1897
2686 1898
2632 1899
964 1900
4675 1901
2045 1902
2475 1903
1274 1904
3801 1905
9373 1906
7369 1907
4325 1908
1465 1909
5750 1910
2155 1911
7402 1912
2456 1913
6857 1914
9408 1915
5311 1916
8972 1917
2208 1918
6545 1919
272 1920
4522 1921
9743 1922
8819 1923
3686 1924
1541 1925
4417 1926
2900 1927
3156 1928
6909 1929
5723 1930
8519 1931
8985 1932
5799 1933
1290 1934
6866 1935
7552 1936
1423 1937
8647 1938
9649 1939
3063 1940
64 1941
8796 1942
1448 1943
5858 1944
8181 1945
1547 1946
7627 1947
7471 1948
5977 1949
6862 1950
1874 1951
3726 1952
4081 1953
9883 1954
4431 1955
158 1956
6975 1957
3975 1958
9889 1959
557 1960
1653 1961
9085 1962
1093 1963
2617 1964
4830 1965
9913 1966
4595 1967
612 1968
7153 1969
6579 1970
3674 1971
2598 1972
9377 1973
6578 1974
9066 1975
9561 1976
6922 1977
6433 1978
2230 1979
8342 1980
4136 1981
9339 1982
9153 1983
4292 1984
6347 1985
7697 1986
7618 1987
1358 1988
5710 1989
9779 1990
9758 1991
989 1992
1327 1993
6246 1994
9158 1995
7943 1996
9157 1997
6925 1998
5513 1999
9300 2000
9984 2001
5796 2002
8423 2003
9784 2004
3689 2005
2334 2006
7802 2007
1355 2008
5832 2009
1495 2010
1059 2011
3348 2012
3243 2013
601 2014
2506 2015
2393 2016
9168 2017
4670 2018
1715 2019
7238 2020
1171 2021
4752 2022
4764 2023
8555 2024
2407 2025
5773 2026
4371 2027
2875 2028
9344 2029
3938 2030
2023 2031
626 2032
7716 2033
8742 2034
8147 2035
2532 2036
3076 2037
4520 2038
6152 2039
5973 2040
2467 2041
1255 2042
1646 2043
2633 2044
228 2045
7037 2046
848 2047
3676 2048
6450 2049
6247 2050
2115 2051
7037 2052
4725 2053
2449 2054
8246 2055
2964 2056
624 2057
9971 2058
555 2059
3221 2060
6314 2061
3303 2062
8396 2063
2403 2064
2657 2065
9571 2066
2708 2067
6777 2068
9873 2069
9212 2070
4333 2071
9106 2072
5005 2073
7378 2074
2244 2075
5731 2076
7149 2077
2673 2078
2 2079
1836 2080
4382 2081
7506 2082
3118 2083
6513 2084
3354 2085
9105 2086
2694 2087
3169 2088
5385 2089
5365 2090
2429 2091
1453 2092
1876 2093
410 2094
6594 2095
1637 2096
641 2097
225 2098
9096 2099
2834 2100
1989 2101
9181 2102
1707 2103
3268 2104
9356 2105
4162 2106
5404 2107
47 2108
7484 2109
5663 2110
6168 2111
5036 2112
9718 2113
6681 2114
5042 2115
4103 2116
2454 2117
2679 2118
7028 2119
3539 2120
1445 2121
3443 2122
8569 2123
1037 2124
7550 2125
6705 2126
1555 2127
7842 2128
5509 2129
6075 2130
1854 2131
7662 2132
7974 2133
1122 2134
197 2135
8944 2136
147 2137
8743 2138
9262 2139
9048 2140
1801 2141
1091 2142
6422 2143
1973 2144
5220 2145
5501 2146
9003 2147
7837 2148
349 2149
3694 2150
9836 2151
590 2152
3103 2153
9377 2154
880 2155
9798 2156
4719 2157
6115 2158
1067 2159
9240 2160
3571 2161
6475 2162
1511 2163
3680 2164
1131 2165
2285 2166
8218 2167
821 2168
3869 2169
4618 2170
9927 2171
356 2172
8262 2173
3202 2174
1829 2175
1114 2176
9330 2177
312 2178
8705 2179
4164 2180
5033 2181
207 2182
76 2183
3707 2184
6092 2185
3741 2186
7487 2187
6727 2188
2162 2189
2550 2190
9244 2191
3577 2192
1388 2193
9274 2194
1849 2195
7106 2196
6262 2197
9510 2198
2634 2199
6147 2200
5323 2201
1200 2202
7684 2203
5983 2204
3116 2205
1141 2206
2232 2207
9879 2208
2393 2209
5624 2210
8345 2211
459 2212
8460 2213
4561 2214
4730 2215
6733 2216
3794 2217
5181 2218
9141 2219
4563 2220
5927 2221
4100 2222
5855 2223
8715 2224
8725 2225
7564 2226
474 2227
5050 2228
1852 2229
8582 2230
7920 2231
8127 2232
301 2233
4179 2234
4334 2235
4386 2236
847 2237
8491 2238
2095 2239
9928 2240
7936 2241
2730 2242
3683 2243
2984 2244
9672 2245
1417 2246
9781 2247
5688 2248
1646 2249
8904 2250
6348 2251
883 2252
6419 2253
3532 2254
4796 2255
2692 2256
9226 2257
4739 2258
6654 2259
4139 2260
6981 2261
5041 2262
2528 2263
452 2264
6254 2265
5159 2266
9665 2267
1133 2268
8377 2269
9795 2270
7505 2271
9884 2272
6764 2273
4902 2274
3750 2275
344 2276
5200 2277
9790 2278
8303 2279
5688 2280
4135 2281
893 2282
3069 2283
1237 2284
5864 2285
4900 2286
4035 2287
7751 2288
1492 2289
5638 2290
3707 2291
4573 2292
7236 2293
3378 2294
6794 2295
854 2296
9534 2297
7922 2298
5054 2299
9950 2300
473 2301
2077 2302
1490 2303
7530 2304
1595 2305
6901 2306
7091 2307
895 2308
9086 2309
6854 2310
7900 2311
8880 2312
8827 2313
7785 2314
651 2315
4838 2316
3981 2317
8194 2318
2326 2319
6308 2320
3837 2321
8502 2322
5607 2323
5970 2324
7099 2325
8739 2326
2785 2327
6866 2328
852 2329
6225 2330
1666 2331
9048 2332
6319 2333
4887 2334
2793 2335
2358 2336
4130 2337
3403 2338
5666 2339
7934 2340
3219 2341
3209 2342
9356 2343
2767 2344
3127 2345
3431 2346
740 2347
5276 2348
6648 2349
6766 2350
2614 2351
6355 2352
8261 2353
9216 2354
8690 2355
9240 2356
5993 2357
9266 2358
7809 2359
800 2360
6328 2361
9603 2362
4625 2363
921 2364
5520 2365
5843 2366
2837 2367
4135 2368
7991 2369
8739 2370
9582 2371
8000 2372
2818 2373
3888 2374
6574 2375
418 2376
2327 2377
5749 2378
7733 2379
404 2380
2093 2381
2169 2382
1710 2383
2562 2384
6192 2385
919 2386
499 2387
8755 2388
6552 2389
9324 2390
9209 2391
6031 2392
7340 2393
9035 2394
5348 2395
9353 2396
5530 2397
7108 2398
5915 2399
5219 2400
8498 2401
6781 2402
2024 2403
8542 2404
3323 2405
8976 2406
2952 2407
5137 2408
6021 2409
9477 2410
8839 2411
7735 2412
9014 2413
2596 2414
6561 2415
6125 2416
2711 2417
5891 2418
5273 2419
1377 2420
5648 2421
8354 2422
1522 2423
4504 2424
8473 2425
3717 2426
2233 2427
1934 2428
1821 2429
2929 2430
2457 2431
5195 2432
4256 2433
5209 2434
2142 2435
7931 2436
1764 2437
3112 2438
312 2439
3683 2440
2004 2441
6818 2442
4638 2443
447 2444
3700 2445
1723 2446
6688 2447
6023 2448
5422 2449
7764 2450
2420 2451
481 2452
4331 2453
6711 2454
5530 2455
801 2456
5578 2457
6941 2458
5768 2459
6003 2460
3130 2461
9173 2462
4867 2463
1122 2464
2722 2465
8982 2466
8569 2467
5897 2468
1163 2469
9535 2470
39 2471
3781 2472
1558 2473
9464 2474
721 2475
3853 2476
8410 2477
6885 2478
6812 2479
2562 2480
5479 2481
5117 2482
6883 2483
5058 2484
551 2485
926 2486
5047 2487
7132 2488
1282 2489
7345 2490
2054 2491
3649 2492
6435 2493
21 2494
6648 2495
191 2496
3919 2497
7828 2498
9201 2499
8505 2500
4521 2501
6743 2502
9266 2503
6337 2504
7471 2505
2911 2506
1620 2507
4342 2508
5290 2509
265 2510
799 2511
4390 2512
6918 2513
127 2514
5439 2515
8563 2516
4009 2517
9026 2518
954 2519
3499 2520
9687 2521
3698 2522
7653 2523
5672 2524
1154 2525
2090 2526
4518 2527
4103 2528
2544 2529
8387 2530
6493 2531
3994 2532
2997 2533
9939 2534
230 2535
4927 2536
4087 2537
5847 2538
4709 2539
9506 2540
4944 2541
652 2542
8547 2543
3512 2544
892 2545
8876 2546
3206 2547
9456 2548
700 2549
4130 2550
4257 2551
2805 2552
4902 2553
6121 2554
9825 2555
9262 2556
2233 2557
5876 2558
6543 2559
1974 2560
2746 2561
9248 2562
1585 2563
3183 2564
2943 2565
5867 2566
8695 2567
6294 2568
3745 2569
6795 2570
982 2571
7553 2572
8247 2573
1198 2574
7963 2575
5967 2576
2480 2577
6063 2578
7188 2579
7347 2580
8115 2581
5379 2582
1068 2583
5306 2584
7124 2585
5294 2586
3921 2587
3709 2588
3623 2589
614 2590
5409 2591
9906 2592
3684 2593
287 2594
854 2595
3090 2596
7259 2597
3578 2598
6463 2599
885 2600
8929 2601
9795 2602
4868 2603
7589 2604
7507 2605
2007 2606
5404 2607
9649 2608
7695 2609
5350 2610
8811 2611
2720 2612
5989 2613
3273 2614
7256 2615
1985 2616
7095 2617
8200 2618
6662 2619
3372 2620
5874 2621
2229 2622
8918 2623
4274 2624
3387 2625
4823 2626
6628 2627
1905 2628
4912 2629
2976 2630
2061 2631
7877 2632
6287 2633
5067 2634
2297 2635
1035 2636
954 2637
7282 2638
757 2639
5662 2640
2996 2641
4228 2642
951 2643
2425 2644
119 2645
500 2646
5809 2647
4674 2648
2156 2649
5006 2650
9390 2651
6145 2652
5843 2653
4381 2654
6163 2655
9243 2656
7208 2657
1125 2658
3907 2659
7540 2660
9679 2661
2449 2662
8636 2663
323 2664
7021 2665
3832 2666
9348 2667
3845 2668
5371 2669
1572 2670
1445 2671
5973 2672
6337 2673
8314 2674
6596 2675
6314 2676
3907 2677
3249 2678
2607 2679
8446 2680
4668 2681
7809 2682
5989 2683
4357 2684
6945 2685
355 2686
6514 2687
8471 2688
6555 2689
3136 2690
7698 2691
2162 2692
7257 2693
930 2694
6466 2695
8017 2696
1082 2697
8832 2698
9344 2699
6738 2700
509 2701
1777 2702
1174 2703
9108 2704
1513 2705
4011 2706
605 2707
9057 2708
3045 2709
8396 2710
4981 2711
6155 2712
4218 2713
465 2714
1492 2715
6548 2716
7954 2717
7404 2718
4988 2719
9980 2720
6242 2721
7599 2722
4139 2723
987 2724
1192 2725
9083 2726
7528 2727
2092 2728
4609 2729
3997 2730
8506 2731
441 2732
8755 2733
2345 2734
8277 2735
6610 2736
4057 2737
8294 2738
70 2739
4585 2740
8360 2741
493 2742
7213 2743
674 2744
2548 2745
9137 2746
178 2747
8857 2748
788 2749
9909 2750
7394 2751
8224 2752
3706 2753
9017 2754
3591 2755
6617 2756
3460 2757
7533 2758
9461 2759
5183 2760
3387 2761
1566 2762
6599 2763
3117 2764
7458 2765
322 2766
5876 2767
9243 2768
9321 2769
9451 2770
1705 2771
8043 2772
5679 2773
6445 2774
5155 2775
893 2776
3094 2777
9356 2778
5389 2779
4268 2780
3584 2781
6785 2782
5014 2783
2777 2784
7022 2785
2047 2786
5672 2787
8674 2788
3069 2789
3953 2790
5868 2791
4108 2792
8796 2793
3037 2794
9600 2795
4934 2796
4739 2797
8734 2798
7417 2799
7412 2800
2078 2801
1800 2802
729 2803
1003 2804
4858 2805
4470 2806
3984 2807
5005 2808
6331 2809
5602 2810
3163 2811
2332 2812
8008 2813
778 2814
9767 2815
5147 2816
4135 2817
3841 2818
4434 2819
9027 2820
4808 2821
4988 2822
660 2823
2229 2824
542 2825
1221 2826
1399 2827
171 2828
6265 2829
574 2830
132 2831
8850 2832
9019 2833
3689 2834
9417 2835
5218 2836
3875 2837
3492 2838
6527 2839
1437 2840
1352 2841
222 2842
849 2843
4523 2844
3687 2845
4928 2846
8770 2847
788 2848
9568 2849
2742 2850
1661 2851
6830 2852
2623 2853
2229 2854
7032 2855
4333 2856
6679 2857
8956 2858
5010 2859
8721 2860
9303 2861
6600 2862
3048 2863
5254 2864
4727 2865
5674 2866
8803 2867
7351 2868
3303 2869
5054 2870
9111 2871
2803 2872
2188 2873
9978 2874
4076 2875
7020 2876
1850 2877
6833 2878
1258 2879
6992 2880
3695 2881
8229 2882
5503 2883
9583 2884
2594 2885
6960 2886
8581 2887
7368 2888
6736 2889
1685 2890
95 2891
7331 2892
4078 2893
854 2894
8058 2895
5381 2896
1945 2897
5603 2898
2022 2899
2591 2900
9572 2901
6600 2902
8513 2903
7952 2904
5162 2905
8893 2906
8985 2907
2865 2908
3102 2909
1376 2910
1494 2911
1490 2912
4402 2913
9115 2914
4139 2915
6101 2916
5955 2917
2620 2918
9445 2919
7075 2920
2573 2921
93 2922
9095 2923
931 2924
485 2925
8771 2926
9793 2927
8615 2928
4218 2929
6199 2930
17 2931
5385 2932
7588 2933
9859 2934
5818 2935
5507 2936
290 2937
5172 2938
229 2939
1976 2940
7329 2941
192 2942
1470 2943
1186 2944
7410 2945
2360 2946
6364 2947
7456 2948
3759 2949
4937 2950
7851 2951
1896 2952
5898 2953
4249 2954
8953 2955
4886 2956
8603 2957
5649 2958
4744 2959
5376 2960
6710 2961
8904 2962
1141 2963
8987 2964
3358 2965
575 2966
8252 2967
897 2968
5380 2969
2272 2970
6233 2971
7699 2972
9298 2973
3815 2974
1952 2975
6598 2976
3837 2977
3680 2978
3520 2979
4946 2980
9980 2981
1522 2982
1881 2983
7871 2984
9242 2985
9217 2986
2695 2987
5983 2988
1141 2989
5042 2990
2686 2991
6010 2992
4094 2993
5510 2994
5613 2995
3306 2996
6650 2997
1752 2998
2318 2999
5213 3000
890 3001
6893 3002
6645 3003
1102 3004
9902 3005
7592 3006
9376 3007
8296 3008
5065 3009
8535 3010
2351 3011
3318 3012
8991 3013
7372 3014
4501 3015
5182 3016
5590 3017
8728 3018
4676 3019
1488 3020
5856 3021
8618 3022
9911 3023
6468 3024
2302 3025
5984 3026
1785 3027
3876 3028
6385 3029
3628 3030
4319 3031
4662 3032
313 3033
9188 3034
6064 3035
4752 3036
2969 3037
9903 3038
3963 3039
1537 3040
8607 3041
4443 3042
3580 3043
6453 3044
2669 3045
2593 3046
7059 3047
5663 3048
4984 3049
8900 3050
6856 3051
3198 3052
3199 3053
5559 3054
7819 3055
9241 3056
1199 3057
5768 3058
5258 3059
31 3060
8674 3061
5189 3062
652 3063
2228 3064
587 3065
872 3066
7332 3067
4454 3068
1523 3069
6763 3070
6210 3071
9007 3072
4811 3073
6148 3074
7852 3075
6574 3076
3467 3077
2437 3078
836 3079
3730 3080
9882 3081
3706 3082
6731 3083
3680 3084
5347 3085
4688 3086
463 3087
9465 3088
32 3089
5766 3090
8890 3091
5676 3092
5613 3093
6581 3094
4011 3095
6269 3096
1912 3097
3038 3098
1338 3099
6043 3100
2748 3101
7787 3102
8089 3103
5308 3104
2634 3105
1314 3106
7809 3107
5295 3108
4237 3109
6259 3110
4961 3111
7565 3112
116 3113
3776 3114
4571 3115
981 3116
3514 3117
1637 3118
2341 3119
3745 3120
3075 3121
5668 3122
5158 3123
646 3124
8056 3125
4072 3126
1522 3127
5115 3128
9859 3129
625 3130
5745 3131
7971 3132
6978 3133
7276 3134
4443 3135
2912 3136
7981 3137
2652 3138
556 3139
6773 3140
8357 3141
5514 3142
165 3143
1869 3144
3422 3145
9991 3146
3685 3147
4012 3148
5422 3149
7850 3150
8312 3151
4550 3152
1656 3153
2027 3154
8262 3155
669 3156
1656 3157
9202 3158
6451 3159
2041 3160
6830 3161
6625 3162
6873 3163
8388 3164
6267 3165
3604 3166
2828 3167
9936 3168
3870 3169
1560 3170
6451 3171
8734 3172
4158 3173
3985 3174
857 3175
2429 3176
1644 3177
1511 3178
6893 3179
5407 3180
3034 3181
3074 3182
4937 3183
9257 3184
9623 3185
5041 3186
1351 3187
1756 3188
2022 3189
8225 3190
6011 3191
214 3192
2374 3193
5028 3194
996 3195
5524 3196
132 3197
1565 3198
8115 3199
7890 3200
8557 3201
9223 3202
8039 3203
1205 3204
9919 3205
4443 3206
125 3207
5619 3208
1084 3209
8279 3210
8814 3211
5772 3212
3309 3213
956 3214
597 3215
941 3216
6082 3217
8999 3218
3127 3219
5033 3220
3543 3221
3495 3222
775 3223
6061 3224
3620 3225
7674 3226
9761 3227
8415 3228
1833 3229
164 3230
4865 3231
9921 3232
1142 3233
8007 3234
9069 3235
1292 3236
673 3237
7980 3238
1863 3239
3005 3240
9742 3241
2912 3242
3289 3243
4995 3244
610 3245
3553 3246
8648 3247
9154 3248
9456 3249
6590 3250
6489 3251
3054 3252
2183 3253
4311 3254
9680 3255
535 3256
2658 3257
2897 3258
4323 3259
5158 3260
4112 3261
6817 3262
6962 3263
4199 3264
7097 3265
6448 3266
3306 3267
5273 3268
1600 3269
7290 3270
4746 3271
9978 3272
4872 3273
3003 3274
817 3275
1805 3276
259 3277
3230 3278
456 3279
3120 3280
4672 3281
6210 3282
5175 3283
3072 3284
2846 3285
1379 3286
7040 3287
1685 3288
6091 3289
214 3290
9725 3291
8717 3292
6831 3293
2890 3294
4492 3295
9429 3296
9045 3297
5121 3298
9497 3299
9053 3300
7794 3301
7661 3302
1370 3303
7580 3304
3662 3305
5466 3306
6091 3307
8630 3308
6904 3309
1150 3310
8373 3311
5798 3312
3184 3313
8386 3314
6349 3315
1501 3316
9392 3317
4354 3318
1981 3319
4024 3320
4142 3321
7432 3322
458 3323
8852 3324
2857 3325
9203 3326
7509 3327
1045 3328
1428 3329
8889 3330
2090 3331
6733 3332
4635 3333
9990 3334
9535 3335
6513 3336
5506 3337
8416 3338
1149 3339
3917 3340
981 3341
5578 3342
3898 3343
3117 3344
3756 3345
3549 3346
1949 3347
3868 3348
223 3349
3574 3350
1529 3351
2218 3352
2370 3353
422 3354
1754 3355
9696 3356
4638 3357
4478 3358
6637 3359
2541 3360
1635 3361
4019 3362
6940 3363
576 3364
4631 3365
2936 3366
5329 3367
2796 3368
6576 3369
8908 3370
8732 3371
2611 3372
2096 3373
6862 3374
223 3375
5083 3376
6524 3377
7757 3378
2601 3379
9126 3380
3673 3381
3554 3382
1872 3383
1482 3384
2798 3385
1951 3386
8948 3387
8493 3388
4840 3389
4958 3390
8221 3391
5183 3392
1405 3393
784 3394
162 3395
2460 3396
515 3397
4357 3398
7069 3399
6143 3400
9435 3401
4894 3402
1079 3403
900 3404
1532 3405
8004 3406
536 3407
8804 3408
1945 3409
984 3410
5099 3411
8553 3412
1536 3413
5177 3414
9693 3415
6377 3416
4784 3417
954 3418
6184 3419
7987 3420
1351 3421
3002 3422
4119 3423
6828 3424
8843 3425
2171 3426
7635 3427
3650 3428
8581 3429
7278 3430
9479 3431
6386 3432
6489 3433
1707 3434
5995 3435
1737 3436
2968 3437
621 3438
1176 3439
7213 3440
2658 3441
3946 3442
5485 3443
3669 3444
5605 3445
9167 3446
4935 3447
1985 3448
377 3449
9853 3450
1897 3451
9178 3452
2567 3453
8322 3454
9330 3455
8803 3456
3379 3457
2989 3458
5004 3459
4207 3460
2563 3461
1971 3462
574 3463
2508 3464
1431 3465
3606 3466
3086 3467
1155 3468
9229 3469
169 3470
7588 3471
3676 3472
7244 3473
5922 3474
6140 3475
695 3476
8601 3477
9384 3478
5295 3479
2346 3480
3750 3481
3883 3482
8853 3483
6805 3484
1279 3485
1666 3486
6689 3487
4789 3488
6299 3489
2220 3490
6620 3491
8604 3492
7719 3493
1535 3494
6262 3495
8706 3496
9706 3497
5212 3498
1573 3499
9005 3500
2691 3501
3581 3502
4021 3503
3053 3504
5690 3505
7197 3506
8487 3507
2238 3508
5501 3509
4665 3510
1045 3511
2245 3512
4985 3513
3836 3514
7951 3515
8382 3516
5871 3517
3159 3518
4273 3519
61 3520
6581 3521
7075 3522
7797 3523
304 3524
4375 3525
215 3526
32 3527
3065 3528
371 3529
4891 3530
8848 3531
7827 3532
4910 3533
3532 3534
1770 3535
1834 3536
4828 3537
9907 3538
1311 3539
1902 3540
6808 3541
6298 3542
3722 3543
1646 3544
6561 3545
6049 3546
923 3547
4234 3548
9362 3549
9291 3550
1646 3551
7632 3552
6825 3553
6843 3554
3607 3555
4811 3556
7011 3557
551 3558
69 3559
8335 3560
2188 3561
5662 3562
8345 3563
2960 3564
9155 3565
8054 3566
5791 3567
1764 3568
7224 3569
7332 3570
1492 3571
5755 3572
4855 3573
4858 3574
5060 3575
6880 3576
996 3577
8904 3578
865 3579
1516 3580
441 3581
7541 3582
5726 3583
5216 3584
3093 3585
5709 3586
4046 3587
27 3588
6532 3589
7566 3590
495 3591
7560 3592
9703 3593
3178 3594
1205 3595
9287 3596
1850 3597
9288 3598
2485 3599
5023 3600
1261 3601
4273 3602
3505 3603
7827 3604
8004 3605
439 3606
2647 3607
6932 3608
5248 3609
1636 3610
4813 3611
3635 3612
8348 3613
1767 3614
2253 3615
1613 3616
6470 3617
8795 3618
7815 3619
7024 3620
9598 3621
9671 3622
6597 3623
3453 3624
1962 3625
5272 3626
3555 3627
9247 3628
2409 3629
7376 3630
5289 3631
3334 3632
7134 3633
4214 3634
2105 3635
3549 3636
6570 3637
21 3638
5799 3639
6119 3640
4166 3641
2823 3642
6073 3643
8158 3644
3113 3645
369 3646
4305 3647
5256 3648
8294 3649
9144 3650
1319 3651
5035 3652
8472 3653
6880 3654
1751 3655
3952 3656
7699 3657
7659 3658
8402 3659
7538 3660
5455 3661
2848 3662
5641 3663
930 3664
321 3665
7863 3666
3032 3667
5186 3668
3365 3669
2828 3670
3874 3671
660 3672
4674 3673
9322 3674
722 3675
6932 3676
5647 3677
4861 3678
7936 3679
9145 3680
891 3681
2115 3682
6152 3683
3204 3684
3837 3685
5656 3686
4818 3687
6597 3688
3914 3689
734 3690
4827 3691
1247 3692
6127 3693
7721 3694
4214 3695
9845 3696
6963 3697
4193 3698
4462 3699
1153 3700
8830 3701
3180 3702
1816 3703
8338 3704
650 3705
6531 3706
6912 3707
2550 3708
8191 3709
3578 3710
1629 3711
6296 3712
6231 3713
8213 3714
7458 3715
9020 3716
783 3717
7614 3718
7384 3719
6673 3720
4907 3721
2204 3722
705 3723
7960 3724
8577 3725
640 3726
5688 3727
154 3728
666 3729
3610 3730
284 3731
5354 3732
589 3733
3169 3734
9462 3735
3798 3736
8683 3737
2708 3738
1997 3739
5893 3740
6873 3741
5889 3742
873 3743
8959 3744
666 3745
8348 3746
6086 3747
7824 3748
7327 3749
5480 3750
8106 3751
1281 3752
8179 3753
8559 3754
1963 3755
3555 3756
6259 3757
8370 3758
5749 3759
2653 3760
3425 3761
1093 3762
6622 3763
4486 3764
7015 3765
5124 3766
1401 3767
1520 3768
2496 3769
5874 3770
8520 3771
4423 3772
6133 3773
773 3774
1968 3775
2904 3776
6220 3777
5112 3778
5839 3779
9657 3780
3446 3781
714 3782
1371 3783
8815 3784
4760 3785
3444 3786
8980 3787
5328 3788
2646 3789
865 3790
4257 3791
4563 3792
789 3793
8258 3794
5946 3795
3992 3796
2937 3797
6697 3798
3355 3799
4397 3800
2938 3801
2726 3802
1520 3803
9168 3804
3490 3805
7359 3806
836 3807
2049 3808
4238 3809
4975 3810
7337 3811
9624 3812
7505 3813
7118 3814
4738 3815
4826 3816
8664 3817
7200 3818
1539 3819
9476 3820
7252 3821
5244 3822
9867 3823
5502 3824
8601 3825
997 3826
5325 3827
2336 3828
1560 3829
7614 3830
1016 3831
4626 3832
5771 3833
2256 3834
8217 3835
7877 3836
7756 3837
4482 3838
8314 3839
8349 3840
7019 3841
3624 3842
7969 3843
606 3844
850 3845
8694 3846
3431 3847
4937 3848
1624 3849
9423 3850
4388 3851
5445 3852
702 3853
7090 3854
4412 3855
4307 3856
721 3857
9255 3858
4845 3859
1980 3860
8783 3861
3869 3862
5719 3863
4505 3864
864 3865
4020 3866
1155 3867
6872 3868
880 3869
9846 3870
6539 3871
2177 3872
8479 3873
9449 3874
2908 3875
1055 3876
459 3877
5533 3878
6406 3879
9689 3880
7323 3881
8072 3882
4742 3883
3900 3884
5285 3885
5088 3886
1416 3887
2007 3888
4617 3889
6369 3890
1300 3891
5982 3892
2382 3893
963 3894
5354 3895
2567 3896
8104 3897
9207 3898
8046 3899
7426 3900
9330 3901
3896 3902
3893 3903
7483 3904
7983 3905
8379 3906
1478 3907
4513 3908
1605 3909
1605 3910
1952 3911
3453 3912
9706 3913
7099 3914
7458 3915
6528 3916
1368 3917
4502 3918
4712 3919
7382 3920
8508 3921
9903 3922
6701 3923
8810 3924
5476 3925
2492 3926
4034 3927
9778 3928
7403 3929
462 3930
6585 3931
406 3932
5557 3933
6105 3934
9464 3935
64 3936
3490 3937
7847 3938
5896 3939
7506 3940
1526 3941
9324 3942
2729 3943
9347 3944
7261 3945
4231 3946
5656 3947
2314 3948
1569 3949
2464 3950
9235 3951
4440 3952
5154 3953
9126 3954
9717 3955
649 3956
3103 3957
3982 3958
4673 3959
1961 3960
2124 3961
7474 3962
2652 3963
5111 3964
8450 3965
9063 3966
4503 3967
8220 3968
5750 3969
8693 3970
2570 3971
85 3972
9123 3973
781 3974
7272 3975
2347 3976
666 3977
7607 3978
3804 3979
8447 3980
6 3981
4419 3982
5686 3983
5058 3984
2101 3985
3848 3986
3928 3987
294 3988
444 3989
5193 3990
9638 3991
2612 3992
4057 3993
5168 3994
2621 3995
1626 3996
1804 3997
6614 3998
5302 3999
5489 4000
2164 4001
9169 4002
7458 4003
9795 4004
726 4005
3697 4006
2142 4007
4167 4008
7342 4009
3356 4010
9812 4011
2483 4012
8707 4013
4 4014
5120 4015
6582 4016
4679 4017
4649 4018
3398 4019
2183 4020
4733 4021
626 4022
2805 4023
6069 4024
6232 4025
1239 4026
8247 4027
8792 4028
1335 4029
9247 4030
3761 4031
8463 4032
2845 4033
1909 4034
1433 4035
6477 4036
2545 4037
8370 4038
461 4039
9102 4040
8293 4041
6089 4042
3657 4043
2794 4044
4419 4045
3197 4046
5629 4047
1359 4048
6556 4049
103 4050
244 4051
6066 4052
208 4053
2728 4054
8436 4055
1810 4056
7249 4057
4299 4058
499 4059
4126 4060
3204 4061
6990 4062
2763 4063
2869 4064
1022 4065
6845 4066
7980 4067
5036 4068
2457 4069
9331 4070
6353 4071
3986 4072
3080 4073
203 4074
1213 4075
3255 4076
100 4077
6951 4078
2429 4079
8181 4080
8583 4081
9061 4082
5377 4083
1718 4084
9744 4085
1293 4086
9657 4087
469 4088
5595 4089
8408 4090
6672 4091
7802 4092
6516 4093
7006 4094
3114 4095
4116 4096
8405 4097
6492 4098
5157 4099
7862 4100
7922 4101
3690 4102
1612 4103
4459 4104
5204 4105
4321 4106
9582 4107
8802 4108
3676 4109
2406 4110
108 4111
156 4112
1045 4113
2739 4114
8375 4115
990 4116
547 4117
6102 4118
7743 4119
6615 4120
2077 4121
8321 4122
6917 4123
3111 4124
2707 4125
1834 4126
5869 4127
8143 4128
537 4129
436 4130
5161 4131
1865 4132
7274 4133
4229 4134
2418 4135
130 4136
8516 4137
747 4138
5105 4139
2011 4140
6360 4141
5070 4142
3046 4143
9554 4144
5473 4145
1397 4146
6493 4147
5842 4148
4063 4149
5750 4150
1937 4151
4277 4152
91 4153
7566 4154
5876 4155
8201 4156
388 4157
9376 4158
9704 4159
570 4160
7109 4161
1616 4162
8307 4163
3248 4164
6699 4165
7133 4166
2598 4167
4800 4168
7977 4169
6398 4170
7518 4171
5536 4172
9190 4173
1655 4174
3515 4175
1964 4176
1770 4177
1234 4178
4242 4179
9582 4180
6225 4181
5765 4182
5033 4183
6783 4184
4888 4185
764 4186
6651 4187
6917 4188
8723 4189
1002 4190
3893 4191
3821 4192
9247 4193
7749 4194
9294 4195
5466 4196
8056 4197
2905 4198
9817 4199
9066 4200
1227 4201
11 4202
9304 4203
6216 4204
3100 4205
9969 4206
3461 4207
6575 4208
4371 4209
3701 4210
9512 4211
5343 4212
8262 4213
974 4214
1317 4215
9516 4216
6579 4217
4558 4218
2058 4219
1609 4220
4802 4221
6301 4222
4227 4223
7033 4224
8 4225
9577 4226
37 4227
8771 4228
1049 4229
325 4230
8991 4231
6140 4232
8621 4233
2442 4234
5610 4235
8852 4236
4981 4237
1909 4238
7635 4239
2121 4240
8213 4241
7767 4242
3683 4243
89 4244
2958 4245
6660 4246
7221 4247
1412 4248
7900 4249
9618 4250
7856 4251
6755 4252
980 4253
7516 4254
6799 4255
8346 4256
1298 4257
5353 4258
4496 4259
2521 4260
3633 4261
1319 4262
3017 4263
7552 4264
5218 4265
9327 4266
2528 4267
812 4268
4876 4269
4082 4270
3216 4271
6369 4272
3314 4273
4486 4274
5541 4275
1173 4276
357 4277
1955 4278
2106 4279
1931 4280
1457 4281
9682 4282
3761 4283
8473 4284
9859 4285
3723 4286
4844 4287
5217 4288
6822 4289
5320 4290
4975 4291
3516 4292
9448 4293
9465 4294
6813 4295
2933 4296
8509 4297
3546 4298
4344 4299
9306 4300
9096 4301
1488 4302
7422 4303
6892 4304
442 4305
917 4306
8480 4307
9007 4308
642 4309
8131 4310
2375 4311
8872 4312
9740 4313
2416 4314
7015 4315
9098 4316
8192 4317
3735 4318
4003 4319
1737 4320
7963 4321
3241 4322
392 4323
5724 4324
891 4325
4980 4326
3365 4327
8557 4328
5060 4329
4866 4330
6526 4331
9052 4332
3168 4333
4387 4334
613 4335
115 4336
6092 4337
460 4338
1235 4339
7572 4340
7998 4341
2216 4342
8287 4343
6769 4344
6709 4345
5856 4346
7688 4347
8773 4348
8197 4349
4131 4350
8040 4351
3315 4352
520 4353
9674 4354
8081 4355
7688 4356
3882 4357
2887 4358
5366 4359
4897 4360
8893 4361
2811 4362
4762 4363
9937 4364
9291 4365
6596 4366
2289 4367
1041 4368
657 4369
98 4370
735 4371
2433 4372
2242 4373
3922 4374
3949 4375
8926 4376
4353 4377
2218 4378
4926 4379
8420 4380
1078 4381
9561 4382
3097 4383
5901 4384
7391 4385
6452 4386
5348 4387
2563 4388
4610 4389
6086 4390
4947 4391
6116 4392
5481 4393
5113 4394
8289 4395
851 4396
5450 4397
2046 4398
514 4399
8952 4400
3364 4401
4956 4402
4064 4403
5662 4404
3514 4405
4793 4406
3190 4407
3047 4408
4887 4409
6810 4410
1736 4411
4242 4412
8520 4413
5413 4414
6969 4415
289 4416
3289 4417
5022 4418
2047 4419
4539 4420
6080 4421
4908 4422
3390 4423
3097 4424
8209 4425
1243 4426
1720 4427
9076 4428
4953 4429
9894 4430
900 4431
2307 4432
9219 4433
8674 4434
9425 4435
1286 4436
8535 4437
8242 4438
8449 4439
7648 4440
5874 4441
6596 4442
9631 4443
9623 4444
6213 4445
6615 4446
8200 4447
4194 4448
2872 4449
347 4450
6300 4451
5345 4452
9856 4453
3883 4454
9314 4455
9125 4456
6728 4457
520 4458
4529 4459
9384 4460
4823 4461
3026 4462
9998 4463
3938 4464
73 4465
9365 4466
4674 4467
6951 4468
6285 4469
7900 4470
6492 4471
2275 4472
5982 4473
6545 4474
2490 4475
307 4476
2372 4477
5448 4478
9662 4479
6133 4480
8545 4481
6756 4482
7844 4483
5597 4484
1699 4485
4070 4486
6561 4487
8247 4488
7935 4489
6379 4490
8457 4491
3957 4492
7020 4493
8175 4494
9505 4495
8872 4496
9553 4497
5536 4498
6316 4499
3931 4500
7853 4501
6476 4502
2814 4503
3832 4504
2522 4505
6228 4506
8296 4507
3811 4508
8534 4509
4521 4510
6311 4511
2595 4512
233 4513
4598 4514
5495 4515
6782 4516
5502 4517
922 4518
457 4519
8561 4520
5060 4521
4075 4522
4758 4523
5629 4524
5974 4525
4873 4526
3256 4527
2026 4528
8480 4529
5716 4530
8489 4531
2873 4532
5205 4533
7463 4534
4967 4535
3931 4536
8342 4537
5660 4538
6962 4539
159 4540
4004 4541
4094 4542
339 4543
7958 4544
4159 4545
8468 4546
6094 4547
3438 4548
8277 4549
678 4550
6283 4551
4808 4552
6711 4553
2072 4554
7680 4555
6871 4556
8910 4557
9044 4558
1595 4559
3038 4560
9021 4561
5842 4562
9383 4563
9893 4564
2064 4565
1795 4566
3460 4567
9246 4568
8765 4569
8564 4570
8800 4571
9569 4572
3091 4573
190 4574
7155 4575
9482 4576
7934 4577
8103 4578
6677 4579
7570 4580
9239 4581
4366 4582
471 4583
661 4584
1605 4585
2245 4586
7283 4587
3716 4588
9629 4589
2884 4590
1006 4591
4789 4592
3487 4593
4666 4594
9408 4595
5228 4596
5802 4597
5444 4598
7260 4599
9118 4600
2687 4601
8521 4602
9608 4603
4409 4604
212 4605
9380 4606
7099 4607
4524 4608
894 4609
6432 4610
7848 4611
1481 4612
6846 4613
5164 4614
3575 4615
7193 4616
1784 4617
6637 4618
2031 4619
5797 4620
4846 4621
9193 4622
3433 4623
8304 4624
8011 4625
8728 4626
1844 4627
5753 4628
1423 4629
1915 4630
3321 4631
7731 4632
8744 4633
8401 4634
5651 4635
8915 4636
20 4637
4864 4638
241 4639
6815 4640
3196 4641
7876 4642
8214 4643
3362 4644
8513 4645
5124 4646
650 4647
5231 4648
6251 4649
411 4650
2586 4651
2153 4652
307 4653
2301 4654
2052 4655
8789 4656
3873 4657
5984 4658
9507 4659
5594 4660
814 4661
4281 4662
1297 4663
474 4664
586 4665
3102 4666
6929 4667
5333 4668
8472 4669
6659 4670
137 4671
6222 4672
695 4673
2619 4674
8664 4675
3172 4676
5053 4677
3892 4678
9078 4679
6172 4680
6592 4681
2056 4682
3869 4683
6739 4684
8073 4685
9833 4686
1840 4687
9367 4688
8195 4689
6882 4690
8467 4691
397 4692
4337 4693
819 4694
8327 4695
3254 4696
725 4697
1862 4698
1504 4699
2575 4700
3066 4701
7790 4702
5436 4703
9765 4704
1854 4705
1200 4706
8196 4707
7623 4708
1001 4709
444 4710
1119 4711
1928 4712
6248 4713
7096 4714
7625 4715
5454 4716
6466 4717
2048 4718
599 4719
7174 4720
4347 4721
649 4722
2766 4723
8197 4724
1202 4725
8521 4726
4778 4727
7634 4728
1420 4729
1402 4730
8277 4731
8274 4732
4363 4733
9087 4734
1692 4735
2988 4736
161 4737
3073 4738
4253 4739
3986 4740
9600 4741
6844 4742
4590 4743
6951 4744
3842 4745
6584 4746
9134 4747
1616 4748
363 4749
8246 4750
8702 4751
124 4752
2963 4753
5933 4754
6454 4755
7780 4756
9264 4757
7022 4758
1863 4759
7759 4760
7704 4761
4470 4762
8956 4763
7767 4764
6230 4765
6031 4766
2296 4767
1557 4768
3072 4769
4625 4770
1416 4771
5070 4772
8124 4773
4322 4774
8955 4775
4966 4776
4840 4777
6846 4778
6775 4779
2445 4780
7696 4781
2225 4782
7382 4783
3017 4784
2134 4785
5118 4786
138 4787
5873 4788
369 4789
1372 4790
3186 4791
3537 4792
8361 4793
1518 4794
5606 4795
587 4796
7955 4797
7273 4798
4174 4799
4145 4800
3077 4801
2764 4802
8699 4803
847 4804
5039 4805
5089 4806
8472 4807
6590 4808
4881 4809
8945 4810
2011 4811
2836 4812
6583 4813
8767 4814
3139 4815
9061 4816
4930 4817
5618 4818
6963 4819
2730 4820
5886 4821
474 4822
8713 4823
2220 4824
2518 4825
5609 4826
5798 4827
265 4828
4989 4829
9072 4830
9045 4831
1349 4832
900 4833
2648 4834
6012 4835
6787 4836
4942 4837
8036 4838
8936 4839
2550 4840
6711 4841
5488 4842
8820 4843
2143 4844
5050 4845
3234 4846
5374 4847
4936 4848
9961 4849
8533 4850
6628 4851
9920 4852
7013 4853
9587 4854
5101 4855
474 4856
2277 4857
2548 4858
1685 4859
5590 4860
1069 4861
3993 4862
6981 4863
7842 4864
743 4865
7456 4866
5960 4867
8372 4868
6225 4869
257 4870
6030 4871
1496 4872
8399 4873
6329 4874
1052 4875
7885 4876
3164 4877
6976 4878
4988 4879
5908 4880
1863 4881
8933 4882
3928 4883
9126 4884
9238 4885
7529 4886
9639 4887
9243 4888
3329 4889
3262 4890
3753 4891
4034 4892
4150 4893
728 4894
6313 4895
455 4896
6575 4897
1390 4898
1602 4899
8398 4900
9516 4901
3183 4902
1570 4903
126 4904
3553 4905
9490 4906
4750 4907
6005 4908
2824 4909
4347 4910
9102 4911
746 4912
3381 4913
7813 4914
2984 4915
6796 4916
7413 4917
9089 4918
5854 4919
6637 4920
1998 4921
8402 4922
6061 4923
6093 4924
9107 4925
5042 4926
2611 4927
8533 4928
6232 4929
4094 4930
9262 4931
6633 4932
9350 4933
3164 4934
1519 4935
9668 4936
5448 4937
9780 4938
4693 4939
9488 4940
720 4941
4056 4942
1103 4943
7373 4944
2992 4945
9979 4946
3438 4947
7600 4948
7036 4949
2442 4950
5052 4951
8242 4952
4476 4953
6122 4954
5101 4955
5282 4956
6815 4957
4934 4958
510 4959
5380 4960
7713 4961
6492 4962
8589 4963
5212 4964
4348 4965
5097 4966
4072 4967
3811 4968
5309 4969
8045 4970
1514 4971
7972 4972
3351 4973
6307 4974
6006 4975
9495 4976
4792 4977
3238 4978
1935 4979
2567 4980
26 4981
2994 4982
7497 4983
997 4984
8393 4985
6298 4986
3244 4987
1490 4988
879 4989
3392 4990
1996 4991
4385 4992
4282 4993
9781 4994
6455 4995
9306 4996
3578 4997
5984 4998
7050 4999
2403 5000
8863 5001
8961 5002
499 5003
1150 5004
1624 5005
4312 5006
9505 5007
2580 5008
902 5009
2929 5010
4112 5011
9821 5012
1567 5013
6981 5014
9424 5015
439 5016
1324 5017
7412 5018
1975 5019
1000 5020
9114 5021
9145 5022
7409 5023
8660 5024
5182 5025
1923 5026
576 5027
6085 5028
5732 5029
5196 5030
2878 5031
5470 5032
7001 5033
4845 5034
7317 5035
7770 5036
6800 5037
648 5038
2999 5039
6867 5040
4869 5041
3374 5042
1475 5043
4458 5044
9265 5045
9150 5046
7544 5047
8729 5048
680 5049
917 5050
748 5051
1566 5052
4984 5053
2491 5054
5849 5055
8099 5056
1360 5057
3354 5058
9039 5059
9191 5060
8427 5061
2706 5062
8612 5063
5330 5064
306 5065
8054 5066
9827 5067
9495 5068
5483 5069
9028 5070
6794 5071
7854 5072
2550 5073
6946 5074
3459 5075
4062 5076
5860 5077
5108 5078
3896 5079
6047 5080
4242 5081
176 5082
839 5083
6828 5084
9955 5085
9604 5086
2199 5087
3168 5088
1045 5089
6920 5090
1947 5091
4934 5092
5287 5093
949 5094
9488 5095
8998 5096
7367 5097
3982 5098
5804 5099
4940 5100
4756 5101
9679 5102
3695 5103
9250 5104
321 5105
8118 5106
7939 5107
7699 5108
3655 5109
2934 5110
9311 5111
8900 5112
3914 5113
4857 5114
8028 5115
9542 5116
4222 5117
3113 5118
5229 5119
1297 5120
8639 5121
6783 5122
3813 5123
3539 5124
4458 5125
2241 5126
8724 5127
2110 5128
1184 5129
9104 5130
8079 5131
4865 5132
9965 5133
4362 5134
748 5135
2797 5136
1655 5137
3564 5138
5573 5139
4845 5140
4870 5141
2410 5142
8213 5143
2963 5144
6964 5145
7760 5146
1707 5147
2675 5148
9456 5149
4557 5150
1386 5151
6915 5152
879 5153
2434 5154
7512 5155
1417 5156
42 5157
86 5158
4906 5159
9207 5160
5327 5161
9089 5162
8625 5163
6427 5164
7739 5165
1541 5166
3155 5167
6122 5168
9451 5169
8475 5170
5464 5171
2103 5172
3709 5173
3412 5174
7352 5175
7328 5176
2552 5177
2899 5178
5137 5179
1270 5180
6045 5181
6108 5182
1159 5183
6200 5184
9199 5185
6440 5186
5236 5187
4346 5188
2899 5189
724 5190
3106 5191
8482 5192
7828 5193
4548 5194
8924 5195
1765 5196
2065 5197
6739 5198
1586 5199
9471 5200
2511 5201
5868 5202
4308 5203
8391 5204
2188 5205
1355 5206
867 5207
636 5208
6197 5209
9173 5210
5558 5211
7875 5212
1225 5213
879 5214
2889 5215
8158 5216
9579 5217
5362 5218
4975 5219
6121 5220
6673 5221
6721 5222
8989 5223
7369 5224
1931 5225
3694 5226
2617 5227
1158 5228
3644 5229
4055 5230
5838 5231
1651 5232
9812 5233
9755 5234
7505 5235
8823 5236
7774 5237
680 5238
9284 5239
9678 5240
5090 5241
4310 5242
2088 5243
4159 5244
2987 5245
8469 5246
650 5247
7173 5248
9725 5249
6721 5250
8137 5251
1799 5252
6333 5253
6918 5254
8029 5255
9395 5256
1872 5257
4638 5258
7534 5259
9062 5260
2823 5261
7316 5262
3834 5263
1257 5264
4266 5265
3251 5266
7031 5267
9519 5268
7537 5269
1118 5270
294 5271
4373 5272
6330 5273
6404 5274
7473 5275
5254 5276
7064 5277
6483 5278
4209 5279
3374 5280
1799 5281
3034 5282
122 5283
8473 5284
2131 5285
4268 5286
3105 5287
439 5288
4533 5289
2188 5290
1411 5291
4155 5292
74 5293
7072 5294
6530 5295
2967 5296
8930 5297
8248 5298
2778 5299
3942 5300
3719 5301
3823 5302
653 5303
6321 5304
2944 5305
4369 5306
9544 5307
1944 5308
9850 5309
8118 5310
5506 5311
9440 5312
9398 5313
8777 5314
9453 5315
9270 5316
3405 5317
8459 5318
5553 5319
9865 5320
6743 5321
3241 5322
758 5323
4024 5324
1795 5325
6304 5326
4241 5327
9249 5328
4652 5329
7074 5330
7546 5331
6514 5332
1618 5333
3889 5334
220 5335
1248 5336
8185 5337
9470 5338
5075 5339
1470 5340
5862 5341
4895 5342
1515 5343
6714 5344
5205 5345
5425 5346
2483 5347
4271 5348
6101 5349
8339 5350
8283 5351
799 5352
6138 5353
9583 5354
6213 5355
7578 5356
1945 5357
635 5358
1737 5359
2072 5360
2876 5361
6628 5362
2285 5363
7076 5364
6983 5365
8259 5366
2793 5367
4414 5368
5727 5369
5734 5370
9792 5371
2736 5372
6493 5373
6324 5374
8404 5375
9434 5376
4145 5377
8910 5378
5960 5379
1628 5380
186 5381
5713 5382
6734 5383
5164 5384
3532 5385
4869 5386
1893 5387
7345 5388
6293 5389
4228 5390
3193 5391
1803 5392
9279 5393
5464 5394
9259 5395
3987 5396
6203 5397
6325 5398
7153 5399
6734 5400
3543 5401
6624 5402
1452 5403
7339 5404
8665 5405
1522 5406
9732 5407
3344 5408
174 5409
5662 5410
8080 5411
5206 5412
9624 5413
3679 5414
9480 5415
3862 5416
6787 5417
7544 5418
5704 5419
3917 5420
7387 5421
2409 5422
8839 5423
1624 5424
4043 5425
4420 5426
790 5427
3180 5428
2215 5429
2746 5430
1343 5431
7850 5432
3524 5433
3957 5434
1165 5435
5226 5436
7882 5437
6613 5438
8162 5439
766 5440
9685 5441
452 5442
8702 5443
5530 5444
3457 5445
8605 5446
2855 5447
7481 5448
8753 5449
9920 5450
7256 5451
1145 5452
8957 5453
5140 5454
197 5455
6943 5456
7479 5457
2306 5458
7756 5459
5952 5460
265 5461
738 5462
8724 5463
5004 5464
4057 5465
7165 5466
7478 5467
285 5468
3909 5469
7881 5470
5110 5471
6300 5472
7868 5473
9207 5474
6027 5475
6189 5476
2429 5477
8791 5478
8698 5479
9876 5480
4688 5481
7498 5482
6154 5483
7715 5484
4734 5485
2532 5486
9337 5487
7865 5488
1711 5489
3696 5490
6755 5491
1526 5492
9811 5493
2164 5494
8770 5495
1514 5496
6785 5497
6016 5498
2588 5499
4304 5500
6072 5501
6314 5502
5546 5503
8912 5504
4208 5505
3834 5506
7237 5507
5956 5508
7681 5509
5548 5510
5343 5511
3090 5512
5833 5513
9662 5514
9926 5515
2638 5516
1935 5517
7748 5518
5922 5519
8904 5520
4979 5521
1994 5522
7826 5523
6258 5524
5619 5525
5549 5526
9768 5527
9141 5528
4220 5529
6255 5530
5371 5531
9281 5532
1544 5533
4260 5534
1205 5535
2096 5536
2935 5537
4524 5538
4685 5539
3400 5540
7944 5541
1659 5542
890 5543
2613 5544
4960 5545
8345 5546
7330 5547
6222 5548
5203 5549
4516 5550
6047 5551
4226 5552
4173 5553
3582 5554
6513 5555
7543 5556
5930 5557
7662 5558
9442 5559
6272 5560
3982 5561
971 5562
6317 5563
8237 5564
5558 5565
6627 5566
9736 5567
3204 5568
5026 5569
7070 5570
8504 5571
2095 5572
6631 5573
8972 5574
655 5575
789 5576
1619 5577
5031 5578
1950 5579
1707 5580
9624 5581
2359 5582
1333 5583
1309 5584
9023 5585
8115 5586
718 5587
1070 5588
2022 5589
4510 5590
8738 5591
9961 5592
717 5593
3752 5594
6756 5595
4796 5596
1467 5597
2287 5598
8020 5599
5183 5600
4530 5601
3848 5602
5164 5603
3737 5604
5582 5605
507 5606
5787 5607
484 5608
5171 5609
7732 5610
8893 5611
5459 5612
296 5613
2142 5614
1605 5615
9672 5616
7204 5617
8404 5618
1854 5619
3984 5620
1478 5621
9464 5622
9028 5623
6259 5624
2348 5625
1225 5626
9960 5627
5902 5628
1524 5629
9355 5630
9868 5631
1562 5632
8017 5633
9358 5634
9358 5635
3561 5636
7595 5637
5072 5638
7279 5639
5032 5640
8808 5641
2619 5642
1700 5643
1529 5644
587 5645
4971 5646
2980 5647
7535 5648
445 5649
3735 5650
269 5651
7230 5652
6877 5653
9695 5654
8449 5655
1139 5656
2131 5657
8743 5658
6116 5659
8437 5660
4546 5661
9218 5662
749 5663
8990 5664
5817 5665
4120 5666
431 5667
4379 5668
4239 5669
5818 5670
1761 5671
4320 5672
3091 5673
4798 5674
9210 5675
5169 5676
5190 5677
9327 5678
5137 5679
9754 5680
3601 5681
2007 5682
472 5683
8348 5684
5665 5685
8781 5686
4660 5687
531 5688
9062 5689
6602 5690
1159 5691
5386 5692
6198 5693
2235 5694
1622 5695
9295 5696
2376 5697
1572 5698
553 5699
3178 5700
3957 5701
3076 5702
6908 5703
7909 5704
7716 5705
6894 5706
2902 5707
2262 5708
1614 5709
1088 5710
8896 5711
8719 5712
9380 5713
7797 5714
4232 5715
2776 5716
8653 5717
7089 5718
9732 5719
1758 5720
4308 5721
7936 5722
9200 5723
2311 5724
8106 5725
8639 5726
1314 5727
2299 5728
6631 5729
1080 5730
2459 5731
6601 5732
8483 5733
8939 5734
5150 5735
2046 5736
7704 5737
9915 5738
7443 5739
6468 5740
2618 5741
4291 5742
5286 5743
4807 5744
6740 5745
5527 5746
7020 5747
1563 5748
8524 5749
9493 5750
4972 5751
5239 5752
7462 5753
3812 5754
8345 5755
7876 5756
2666 5757
3397 5758
8256 5759
1292 5760
7888 5761
5379 5762
7298 5763
4557 5764
6874 5765
1907 5766
783 5767
1800 5768
6614 5769
2082 5770
8606 5771
4388 5772
7997 5773
4334 5774
265 5775
2275 5776
399 5777
6567 5778
1247 5779
390 5780
3329 5781
2778 5782
5829 5783
8149 5784
6078 5785
1667 5786
6020 5787
8767 5788
7772 5789
8977 5790
1299 5791
5994 5792
2291 5793
8400 5794
7310 5795
8279 5796
2605 5797
4853 5798
6299 5799
866 5800
8012 5801
1037 5802
1872 5803
147 5804
1148 5805
5278 5806
3028 5807
3249 5808
463 5809
9927 5810
884 5811
141 5812
2206 5813
4259 5814
3475 5815
545 5816
1870 5817
7853 5818
592 5819
4870 5820
3181 5821
4241 5822
1351 5823
6627 5824
539 5825
9192 5826
3385 5827
4640 5828
9414 5829
7999 5830
6804 5831
7472 5832
1168 5833
8746 5834
2480 5835
6127 5836
5828 5837
5039 5838
8889 5839
6120 5840
9494 5841
1839 5842
1595 5843
9393 5844
5274 5845
181 5846
341 5847
3026 5848
8057 5849
3527 5850
2311 5851
3358 5852
4077 5853
6563 5854
3413 5855
8706 5856
7808 5857
6410 5858
7965 5859
7502 5860
4512 5861
5909 5862
1843 5863
4746 5864
4318 5865
1130 5866
9571 5867
73 5868
1058 5869
6497 5870
5870 5871
9991 5872
6005 5873
3596 5874
7504 5875
7460 5876
2995 5877
8466 5878
7262 5879
2282 5880
1166 5881
9428 5882
5927 5883
2600 5884
4542 5885
9394 5886
5095 5887
9301 5888
912 5889
1391 5890
5440 5891
4566 5892
4297 5893
3940 5894
680 5895
214 5896
3230 5897
5235 5898
2426 5899
2919 5900
4568 5901
4800 5902
5747 5903
9752 5904
6030 5905
3812 5906
6246 5907
5916 5908
4910 5909
884 5910
3121 5911
7542 5912
249 5913
795 5914
668 5915
5930 5916
8672 5917
7741 5918
6894 5919
2605 5920
7924 5921
1029 5922
8941 5923
279 5924
6261 5925
4941 5926
4912 5927
5003 5928
2641 5929
9464 5930
9882 5931
6954 5932
6193 5933
9073 5934
4043 5935
1406 5936
7076 5937
7425 5938
495 5939
8482 5940
4992 5941
9847 5942
8413 5943
7686 5944
357 5945
3965 5946
5848 5947
7119 5948
7009 5949
6939 5950
8542 5951
8872 5952
5318 5953
9550 5954
6381 5955
1319 5956
2131 5957
2563 5958
2221 5959
5571 5960
2235 5961
1336 5962
8004 5963
2765 5964
463 5965
430 5966
163 5967
16 5968
5631 5969
2925 5970
1600 5971
1202 5972
8238 5973
735 5974
8366 5975
1602 5976
9472 5977
6019 5978
7425 5979
6712 5980
7302 5981
4520 5982
3633 5983
3686 5984
1017 5985
2308 5986
4842 5987
221 5988
74 5989
9885 5990
5014 5991
7287 5992
1273 5993
8214 5994
888 5995
3063 5996
3609 5997
7261 5998
113 5999
6380 6000
3740 6001
3846 6002
3687 6003
9758 6004
1046 6005
4998 6006
8309 6007
3596 6008
7657 6009
2417 6010
9470 6011
4875 6012
3722 6013
5000 6014
5958 6015
7931 6016
1236 6017
2020 6018
8508 6019
9463 6020
5166 6021
6182 6022
3778 6023
3869 6024
1168 6025
3321 6026
4013 6027
7622 6028
8812 6029
8977 6030
9697 6031
1624 6032
9521 6033
7823 6034
5949 6035
4469 6036
252 6037
2054 6038
3421 6039
7989 6040
4701 6041
7383 6042
8340 6043
9782 6044
925 6045
2287 6046
9793 6047
1016 6048
9055 6049
2161 6050
978 6051
3109 6052
2404 6053
7094 6054
4151 6055
6467 6056
8433 6057
5001 6058
8682 6059
9538 6060
3637 6061
6920 6062
8812 6063
7696 6064
8901 6065
4 6066
817 6067
3540 6068
4712 6069
1982 6070
5272 6071
1114 6072
5296 6073
2388 6074
582 6075
3537 6076
8844 6077
8121 6078
2012 6079
7867 6080
1221 6081
8522 6082
4264 6083
8269 6084
3295 6085
7991 6086
6102 6087
3433 6088
7975 6089
8961 6090
8828 6091
5943 6092
1251 6093
4269 6094
4943 6095
3153 6096
9952 6097
8847 6098
105 6099
9457 6100
1698 6101
2351 6102
4806 6103
3766 6104
4288 6105
860 6106
4844 6107
7496 6108
3255 6109
4638 6110
9070 6111
7812 6112
3392 6113
3788 6114
2598 6115
8599 6116
3012 6117
699 6118
8305 6119
5277 6120
8153 6121
4443 6122
8130 6123
9829 6124
4393 6125
4232 6126
2817 6127
2594 6128
9050 6129
434 6130
5170 6131
6989 6132
3287 6133
7163 6134
7818 6135
331 6136
184 6137
4117 6138
8240 6139
6647 6140
6499 6141
6057 6142
9315 6143
9919 6144
4953 6145
6228 6146
5692 6147
3567 6148
2324 6149
9588 6150
8195 6151
7933 6152
1446 6153
6020 6154
3504 6155
4150 6156
1046 6157
9816 6158
6333 6159
1945 6160
8707 6161
6885 6162
9032 6163
9203 6164
5890 6165
240 6166
3072 6167
5441 6168
7408 6169
2788 6170
4551 6171
5501 6172
6846 6173
6590 6174
460 6175
6207 6176
5717 6177
4554 6178
8223 6179
6706 6180
3919 6181
3220 6182
2325 6183
5377 6184
6378 6185
4915 6186
8529 6187
8491 6188
3940 6189
8999 6190
5760 6191
5532 6192
3862 6193
4026 6194
9378 6195
9508 6196
2585 6197
9447 6198
9804 6199
3562 6200
2408 6201
8496 6202
2137 6203
8932 6204
1779 6205
2897 6206
4198 6207
5036 6208
1486 6209
8327 6210
7280 6211
14 6212
7593 6213
2767 6214
4299 6215
4654 6216
6943 6217
1733 6218
7913 6219
9957 6220
1123 6221
74 6222
8232 6223
3722 6224
5424 6225
9505 6226
6849 6227
8605 6228
4798 6229
3952 6230
4835 6231
6647 6232
2192 6233
8780 6234
7063 6235
7008 6236
410 6237
2244 6238
7895 6239
3387 6240
3009 6241
5015 6242
6906 6243
1705 6244
4754 6245
8526 6246
6240 6247
6543 6248
4554 6249
8963 6250
1343 6251
6076 6252
1243 6253
3994 6254
7590 6255
71 6256
49 6257
5634 6258
5610 6259
7657 6260
6042 6261
607 6262
6287 6263
1055 6264
4434 6265
9875 6266
9925 6267
2095 6268
9623 6269
5561 6270
5815 6271
7713 6272
1520 6273
4925 6274
8125 6275
1071 6276
699 6277
4286 6278
1646 6279
6623 6280
6896 6281
2984 6282
4325 6283
306 6284
167 6285
5228 6286
6874 6287
5166 6288
5457 6289
2762 6290
6793 6291
8674 6292
6716 6293
7049 6294
1223 6295
2614 6296
3974 6297
9824 6298
6152 6299
4654 6300
2182 6301
2176 6302
6731 6303
1079 6304
6833 6305
9804 6306
905 6307
328 6308
6686 6309
2297 6310
9033 6311
5658 6312
8596 6313
8581 6314
5356 6315
8623 6316
1780 6317
7088 6318
7168 6319
7528 6320
6328 6321
9096 6322
3233 6323
3941 6324
5975 6325
614 6326
6301 6327
8304 6328
9019 6329
8657 6330
5146 6331
1746 6332
8772 6333
7521 6334
2720 6335
7792 6336
1427 6337
9524 6338
7823 6339
4280 6340
6656 6341
5406 6342
589 6343
5300 6344
3829 6345
4387 6346
3037 6347
2795 6348
9464 6349
8660 6350
5052 6351
7338 6352
5005 6353
9214 6354
2851 6355
7133 6356
2048 6357
4626 6358
7432 6359
387 6360
7043 6361
6888 6362
172 6363
198 6364
1333 6365
7588 6366
6658 6367
3978 6368
9595 6369
776 6370
2452 6371
6251 6372
4031 6373
3779 6374
9205 6375
5501 6376
9888 6377
1902 6378
7939 6379
3564 6380
1502 6381
4838 6382
2909 6383
6693 6384
7848 6385
7726 6386
1999 6387
7122 6388
1513 6389
3083 6390
1258 6391
6695 6392
6466 6393
5420 6394
1564 6395
3431 6396
8654 6397
5237 6398
2532 6399
5973 6400
7952 6401
8279 6402
811 6403
1186 6404
1523 6405
3982 6406
7387 6407
9569 6408
2030 6409
9051 6410
8455 6411
7638 6412
2671 6413
3165 6414
7176 6415
2689 6416
1097 6417
3685 6418
4887 6419
9257 6420
5361 6421
9727 6422
3453 6423
8246 6424
4897 6425
6159 6426
977 6427
720 6428
9286 6429
1623 6430
6010 6431
4522 6432
7828 6433
2436 6434
2218 6435
9257 6436
3206 6437
2396 6438
3847 6439
8020 6440
7775 6441
255 6442
2960 6443
590 6444
3636 6445
6900 6446
6785 6447
6396 6448
5706 6449
6153 6450
8081 6451
6992 6452
5467 6453
4765 6454
4165 6455
1709 6456
2832 6457
9897 6458
6893 6459
8884 6460
2700 6461
8592 6462
7013 6463
3614 6464
5461 6465
3981 6466
2578 6467
4329 6468
3368 6469
789 6470
338 6471
9983 6472
9906 6473
7106 6474
9793 6475
6693 6476
1613 6477
9074 6478
7444 6479
2270 6480
9849 6481
768 6482
9315 6483
1738 6484
6234 6485
4494 6486
5407 6487
2043 6488
1709 6489
3329 6490
901 6491
373 6492
6968 6493
5016 6494
4872 6495
6372 6496
7759 6497
3268 6498
3753 6499
5487 6500
7542 6501
7359 6502
4403 6503
3111 6504
4753 6505
7207 6506
1731 6507
6810 6508
740 6509
8622 6510
9769 6511
193 6512
2952 6513
4015 6514
7296 6515
7057 6516
2759 6517
152 6518
3471 6519
7084 6520
9042 6521
2912 6522
7213 6523
8253 6524
8952 6525
2831 6526
4900 6527
1368 6528
662 6529
4857 6530
6234 6531
2326 6532
3456 6533
2536 6534
4929 6535
5349 6536
2675 6537
1031 6538
2650 6539
2711 6540
4982 6541
4636 6542
2562 6543
945 6544
2901 6545
4212 6546
8794 6547
6267 6548
7628 6549
6816 6550
8367 6551
1045 6552
7724 6553
8309 6554
6773 6555
3396 6556
8971 6557
2548 6558
1910 6559
8965 6560
7091 6561
4743 6562
2442 6563
6976 6564
2184 6565
4751 6566
5422 6567
9589 6568
1214 6569
5540 6570
86 6571
5413 6572
9697 6573
8234 6574
4559 6575
6649 6576
6422 6577
2473 6578
6889 6579
932 6580
8325 6581
3791 6582
5806 6583
8201 6584
3149 6585
5687 6586
9434 6587
781 6588
6687 6589
2678 6590
137 6591
2854 6592
3071 6593
637 6594
9705 6595
2831 6596
240 6597
5412 6598
2170 6599
1786 6600
9837 6601
3124 6602
5509 6603
8613 6604
9520 6605
736 6606
3296 6607
502 6608
468 6609
3555 6610
2434 6611
4189 6612
1381 6613
4902 6614
6399 6615
2990 6616
5443 6617
5795 6618
8100 6619
4223 6620
3024 6621
8839 6622
429 6623
8199 6624
880 6625
4622 6626
833 6627
8321 6628
5523 6629
7508 6630
3172 6631
808 6632
541 6633
6251 6634
1382 6635
3328 6636
1937 6637
1466 6638
2571 6639
6579 6640
8671 6641
7774 6642
4356 6643
1764 6644
865 6645
1532 6646
6846 6647
8434 6648
6542 6649
2427 6650
9152 6651
152 6652
1486 6653
3566 6654
4131 6655
6325 6656
4373 6657
9306 6658
2020 6659
6672 6660
7336 6661
8840 6662
6187 6663
3052 6664
9029 6665
3150 6666
1689 6667
9192 6668
1816 6669
3448 6670
465 6671
9220 6672
990 6673
1270 6674
4119 6675
7479 6676
919 6677
8406 6678
8661 6679
2456 6680
5093 6681
9261 6682
2024 6683
5334 6684
5221 6685
7650 6686
4101 6687
1863 6688
8508 6689
3126 6690
9424 6691
9849 6692
2213 6693
3964 6694
7148 6695
8270 6696
8455 6697
576 6698
7954 6699
2958 6700
1423 6701
3909 6702
7368 6703
6853 6704
6981 6705
4097 6706
6159 6707
7504 6708
8908 6709
5308 6710
9927 6711
8474 6712
2178 6713
3794 6714
7549 6715
3640 6716
8226 6717
5583 6718
2412 6719
1524 6720
4612 6721
5571 6722
2068 6723
9993 6724
5517 6725
2255 6726
7056 6727
6610 6728
2232 6729
122 6730
7965 6731
5604 6732
4080 6733
6137 6734
6806 6735
803 6736
2194 6737
7705 6738
7375 6739
7912 6740
9617 6741
173 6742
124 6743
6202 6744
479 6745
7861 6746
9619 6747
9233 6748
4524 6749
8976 6750
8741 6751
2156 6752
1034 6753
2467 6754
6335 6755
4655 6756
1136 6757
3154 6758
7025 6759
816 6760
1613 6761
7651 6762
4867 6763
2681 6764
6219 6765
6396 6766
7084 6767
2747 6768
7662 6769
8766 6770
996 6771
8165 6772
9323 6773
6424 6774
447 6775
3006 6776
4337 6777
1363 6778
2072 6779
9689 6780
9470 6781
4064 6782
9388 6783
4877 6784
1241 6785
8959 6786
9774 6787
7534 6788
7500 6789
3994 6790
5893 6791
9487 6792
4907 6793
6528 6794
203 6795
6051 6796
3613 6797
8889 6798
3623 6799
5619 6800
9530 6801
3651 6802
3009 6803
8900 6804
8497 6805
7946 6806
8727 6807
3885 6808
6890 6809
1061 6810
5346 6811
4680 6812
4504 6813
3454 6814
877 6815
9899 6816
5156 6817
5418 6818
5447 6819
7885 6820
8774 6821
6244 6822
3776 6823
6189 6824
232 6825
6432 6826
2271 6827
2539 6828
824 6829
6356 6830
1059 6831
1687 6832
1133 6833
1792 6834
4312 6835
1233 6836
3107 6837
3670 6838
6305 6839
7062 6840
3078 6841
9916 6842
462 6843
2773 6844
4236 6845
7032 6846
4912 6847
1762 6848
3883 6849
217 6850
3203 6851
3968 6852
4731 6853
6236 6854
4274 6855
1671 6856
5907 6857
2820 6858
6606 6859
7052 6860
8224 6861
4159 6862
172 6863
5728 6864
4895 6865
7457 6866
5478 6867
7313 6868
6863 6869
3644 6870
5750 6871
132 6872
8796 6873
3610 6874
617 6875
3927 6876
4759 6877
3287 6878
3990 6879
7221 6880
6497 6881
7695 6882
3162 6883
7187 6884
835 6885
6960 6886
5371 6887
8640 6888
2246 6889
2103 6890
1158 6891
623 6892
9742 6893
3994 6894
2089 6895
3035 6896
215 6897
9251 6898
7511 6899
812 6900
2 6901
7200 6902
4777 6903
173 6904
1260 6905
3047 6906
2870 6907
3067 6908
8146 6909
2663 6910
1252 6911
2307 6912
9156 6913
2887 6914
4990 6915
2154 6916
1209 6917
5174 6918
3462 6919
9953 6920
4234 6921
6951 6922
5401 6923
1880 6924
4727 6925
9557 6926
9927 6927
1991 6928
2147 6929
7202 6930
3647 6931
4217 6932
2216 6933
5809 6934
3128 6935
5550 6936
4717 6937
7449 6938
467 6939
3466 6940
8446 6941
2125 6942
8712 6943
9080 6944
2406 6945
8946 6946
5404 6947
8850 6948
3243 6949
9462 6950
9487 6951
7437 6952
4652 6953
1915 6954
2619 6955
1782 6956
2870 6957
5348 6958
3991 6959
6950 6960
5511 6961
3775 6962
1104 6963
768 6964
2848 6965
7487 6966
1325 6967
8822 6968
1850 6969
9687 6970
9816 6971
9789 6972
768 6973
6633 6974
1789 6975
3509 6976
5253 6977
3076 6978
9099 6979
9126 6980
3599 6981
9455 6982
2862 6983
7063 6984
3433 6985
5163 6986
5149 6987
7114 6988
3393 6989
7811 6990
5610 6991
3572 6992
7583 6993
4978 6994
8837 6995
8269 6996
8761 6997
12 6998
7283 6999
736 7000
5207 7001
1708 7002
4250 7003
1323 7004
6268 7005
5181 7006
7052 7007
7840 7008
9080 7009
3086 7010
7786 7011
9496 7012
172 7013
3982 7014
3689 7015
4877 7016
8640 7017
2277 7018
4393 7019
7006 7020
5156 7021
9528 7022
6558 7023
3419 7024
2796 7025
6902 7026
9096 7027
208 7028
9585 7029
4858 7030
4824 7031
7907 7032
5979 7033
291 7034
4030 7035
9296 7036
8900 7037
1882 7038
6112 7039
1283 7040
1001 7041
3383 7042
9563 7043
2045 7044
3816 7045
8147 7046
2593 7047
6322 7048
8734 7049
1370 7050
6328 7051
9310 7052
6322 7053
6165 7054
8371 7055
9307 7056
3350 7057
9688 7058
7189 7059
2679 7060
2255 7061
1388 7062
5070 7063
4468 7064
7542 7065
3803 7066
8082 7067
8488 7068
3862 7069
5166 7070
8830 7071
1740 7072
9988 7073
3846 7074
2220 7075
8859 7076
5279 7077
1403 7078
3835 7079
1091 7080
6540 7081
3148 7082
6587 7083
6949 7084
9265 7085
1430 7086
7236 7087
9969 7088
7040 7089
7932 7090
2398 7091
88 7092
31 7093
9308 7094
9581 7095
1905 7096
5862 7097
1435 7098
1758 7099
9764 7100
1584 7101
1169 7102
2375 7103
8052 7104
8035 7105
1962 7106
8850 7107
3284 7108
2205 7109
3701 7110
3622 7111
9454 7112
2407 7113
8423 7114
9766 7115
1729 7116
3296 7117
8946 7118
3643 7119
6876 7120
1965 7121
8944 7122
1702 7123
9669 7124
4204 7125
5295 7126
2132 7127
4178 7128
4325 7129
8101 7130
5327 7131
2111 7132
9347 7133
3760 7134
1154 7135
8854 7136
7818 7137
2392 7138
8157 7139
5813 7140
2311 7141
1086 7142
3070 7143
1202 7144
680 7145
9389 7146
8208 7147
2316 7148
5355 7149
4245 7150
7267 7151
2511 7152
4966 7153
8292 7154
5453 7155
7895 7156
1292 7157
8901 7158
5750 7159
6021 7160
6241 7161
3845 7162
4716 7163
4668 7164
8916 7165
8727 7166
8281 7167
9358 7168
2261 7169
5996 7170
9558 7171
4124 7172
4140 7173
5835 7174
3931 7175
574 7176
438 7177
8129 7178
954 7179
3012 7180
3488 7181
179 7182
1709 7183
8073 7184
2819 7185
2230 7186
6513 7187
5682 7188
4652 7189
2938 7190
7144 7191
811 7192
4830 7193
5372 7194
6874 7195
9450 7196
494 7197
4155 7198
5794 7199
1007 7200
5917 7201
607 7202
1976 7203
494 7204
1184 7205
3766 7206
8188 7207
1509 7208
1558 7209
9473 7210
2239 7211
5914 7212
3413 7213
8867 7214
8369 7215
4342 7216
3930 7217
6229 7218
525 7219
6604 7220
2908 7221
5095 7222
8162 7223
393 7224
2591 7225
6649 7226
2024 7227
5424 7228
3074 7229
1145 7230
1919 7231
2491 7232
2258 7233
8401 7234
7586 7235
830 7236
9617 7237
7758 7238
2772 7239
2272 7240
4781 7241
6077 7242
5375 7243
6862 7244
9260 7245
4096 7246
4026 7247
5654 7248
3173 7249
168 7250
7000 7251
2224 7252
7874 7253
7942 7254
1844 7255
3944 7256
9843 7257
1899 7258
6818 7259
5749 7260
3109 7261
3832 7262
3636 7263
4911 7264
5822 7265
4926 7266
5473 7267
4794 7268
5554 7269
3546 7270
5190 7271
4949 7272
6125 7273
9893 7274
172 7275
6183 7276
495 7277
6868 7278
7888 7279
5305 7280
9309 7281
1800 7282
1741 7283
4071 7284
7383 7285
233 7286
8263 7287
8926 7288
1416 7289
1589 7290
9741 7291
9780 7292
7729 7293
1765 7294
4724 7295
4382 7296
6962 7297
7651 7298
2327 7299
4740 7300
6470 7301
4083 7302
281 7303
1116 7304
4868 7305
4249 7306
4147 7307
1557 7308
3159 7309
5296 7310
9538 7311
686 7312
9179 7313
2328 7314
3902 7315
1139 7316
8391 7317
6349 7318
1495 7319
9273 7320
8239 7321
6973 7322
261 7323
9155 7324
6576 7325
9575 7326
8484 7327
9222 7328
1053 7329
6154 7330
1075 7331
1153 7332
4983 7333
1243 7334
2208 7335
754 7336
8336 7337
887 7338
7960 7339
4917 7340
6128 7341
2429 7342
4906 7343
4247 7344
1633 7345
2143 7346
8906 7347
8156 7348
5973 7349
9171 7350
3885 7351
9112 7352
6007 7353
7123 7354
2121 7355
9695 7356
9221 7357
5674 7358
7162 7359
6183 7360
277 7361
1052 7362
3131 7363
2098 7364
3424 7365
5325 7366
2790 7367
7 7368
1758 7369
3046 7370
2198 7371
7719 7372
3852 7373
4151 7374
5375 7375
9625 7376
4280 7377
3042 7378
9016 7379
4966 7380
7967 7381
9892 7382
8553 7383
9663 7384
7115 7385
3351 7386
3801 7387
9964 7388
8584 7389
3930 7390
3097 7391
8781 7392
4791 7393
975 7394
5932 7395
3857 7396
7180 7397
1461 7398
369 7399
6592 7400
3247 7401
6526 7402
4211 7403
4849 7404
5673 7405
4151 7406
3705 7407
1909 7408
236 7409
8574 7410
14 7411
4823 7412
4886 7413
1509 7414
6128 7415
9882 7416
3462 7417
3237 7418
5148 7419
7019 7420
3374 7421
5709 7422
6140 7423
4314 7424
3838 7425
2901 7426
6614 7427
3152 7428
8821 7429
3181 7430
6330 7431
1557 7432
5215 7433
802 7434
4039 7435
3680 7436
6420 7437
3326 7438
5516 7439
4091 7440
648 7441
5414 7442
3640 7443
8737 7444
6955 7445
773 7446
1693 7447
3438 7448
842 7449
8270 7450
8535 7451
8148 7452
7860 7453
2362 7454
7441 7455
9875 7456
6760 7457
6922 7458
7556 7459
2046 7460
1620 7461
7064 7462
6547 7463
8464 7464
5974 7465
418 7466
8384 7467
5725 7468
6040 7469
2913 7470
1978 7471
1948 7472
1285 7473
4784 7474
3696 7475
2631 7476
6997 7477
1448 7478
2092 7479
1950 7480
5956 7481
4760 7482
5543 7483
7785 7484
6512 7485
6842 7486
5638 7487
8390 7488
5370 7489
712 7490
1614 7491
7147 7492
3827 7493
4994 7494
8149 7495
2418 7496
5723 7497
6821 7498
5854 7499
5039 7500
3667 7501
5304 7502
1084 7503
4918 7504
588 7505
9028 7506
4336 7507
127 7508
4897 7509
4095 7510
7499 7511
6105 7512
1126 7513
3506 7514
9868 7515
1163 7516
2449 7517
3165 7518
6234 7519
4910 7520
1252 7521
3020 7522
3471 7523
4159 7524
9978 7525
8681 7526
1979 7527
8017 7528
4580 7529
7341 7530
7635 7531
9977 7532
3030 7533
7620 7534
2479 7535
4404 7536
5260 7537
2470 7538
1746 7539
1999 7540
4915 7541
3269 7542
1454 7543
1972 7544
5500 7545
8015 7546
9031 7547
2090 7548
8168 7549
8672 7550
3837 7551
9984 7552
7428 7553
8224 7554
6514 7555
5809 7556
9030 7557
9547 7558
3833 7559
1973 7560
1214 7561
70 7562
7447 7563
701 7564
8674 7565
15 7566
1755 7567
465 7568
7521 7569
794 7570
4362 7571
168 7572
6528 7573
5752 7574
2482 7575
4325 7576
2149 7577
515 7578
1102 7579
4745 7580
1585 7581
28 7582
4429 7583
2036 7584
8207 7585
5640 7586
4176 7587
6625 7588
3081 7589
4203 7590
2952 7591
3801 7592
3469 7593
4586 7594
7439 7595
2936 7596
6530 7597
8793 7598
8695 7599
8906 7600
7638 7601
9020 7602
8484 7603
7431 7604
6684 7605
3173 7606
8330 7607
7109 7608
770 7609
6950 7610
548 7611
21 7612
7939 7613
6434 7614
3237 7615
4117 7616
846 7617
4011 7618
7705 7619
7701 7620
4011 7621
3607 7622
947 7623
5561 7624
5573 7625
6846 7626
1516 7627
4655 7628
4175 7629
3329 7630
4442 7631
5548 7632
2768 7633
4035 7634
5145 7635
3506 7636
1514 7637
8224 7638
5026 7639
2538 7640
280 7641
2357 7642
4368 7643
1519 7644
8075 7645
6870 7646
290 7647
2762 7648
1958 7649
3349 7650
8226 7651
986 7652
8936 7653
1247 7654
2047 7655
237 7656
5453 7657
5738 7658
1039 7659
1834 7660
4055 7661
5275 7662
2832 7663
2342 7664
3833 7665
7420 7666
9155 7667
6549 7668
1694 7669
8610 7670
4576 7671
5403 7672
8760 7673
1150 7674
5287 7675
2698 7676
8572 7677
9510 7678
775 7679
3108 7680
5694 7681
7321 7682
8995 7683
1439 7684
2192 7685
561 7686
9 7687
2492 7688
3878 7689
5951 7690
8349 7691
3887 7692
1052 7693
3382 7694
6 7695
2593 7696
2901 7697
3022 7698
9953 7699
7181 7700
4633 7701
8265 7702
7525 7703
8350 7704
8637 7705
6000 7706
2765 7707
4926 7708
8770 7709
5375 7710
9701 7711
8874 7712
8725 7713
4550 7714
7244 7715
9457 7716
2860 7717
5866 7718
693 7719
7418 7720
1671 7721
1881 7722
256 7723
1277 7724
2006 7725
1924 7726
8483 7727
5569 7728
3221 7729
7197 7730
327 7731
5167 7732
6223 7733
8056 7734
4655 7735
8771 7736
2225 7737
1076 7738
5342 7739
9689 7740
4136 7741
7305 7742
5516 7743
1395 7744
5067 7745
9401 7746
5408 7747
3388 7748
4881 7749
5149 7750
6530 7751
1026 7752
4509 7753
8365 7754
6645 7755
1470 7756
2336 7757
9562 7758
7844 7759
1357 7760
3049 7761
2420 7762
2898 7763
7612 7764
8352 7765
1524 7766
6254 7767
7744 7768
9485 7769
2303 7770
9431 7771
3567 7772
9604 7773
815 7774
3816 7775
4294 7776
6383 7777
5334 7778
9415 7779
6499 7780
9557 7781
3090 7782
3643 7783
3513 7784
8233 7785
7497 7786
5810 7787
5170 7788
6963 7789
9394 7790
1085 7791
3970 7792
3554 7793
3774 7794
4978 7795
1799 7796
5715 7797
2598 7798
7499 7799
5988 7800
4464 7801
5612 7802
9907 7803
693 7804
1297 7805
9155 7806
1477 7807
7751 7808
5456 7809
181 7810
7534 7811
8263 7812
5976 7813
3777 7814
1002 7815
1397 7816
7023 7817
8111 7818
9330 7819
3371 7820
4401 7821
5422 7822
202 7823
8434 7824
2128 7825
3978 7826
4277 7827
7414 7828
7162 7829
2479 7830
9170 7831
1656 7832
2925 7833
3360 7834
7263 7835
4184 7836
1845 7837
4314 7838
5066 7839
5892 7840
1514 7841
8828 7842
2285 7843
2399 7844
711 7845
8260 7846
7586 7847
7373 7848
9343 7849
219 7850
2541 7851
9827 7852
6860 7853
3322 7854
2104 7855
7935 7856
7456 7857
912 7858
5820 7859
2061 7860
7536 7861
1720 7862
7556 7863
9581 7864
8223 7865
3811 7866
3145 7867
3026 7868
8819 7869
1345 7870
9945 7871
5271 7872
2329 7873
3333 7874
5424 7875
2110 7876
1250 7877
6879 7878
3959 7879
9485 7880
1514 7881
5933 7882
3815 7883
6691 7884
5379 7885
6765 7886
4793 7887
5930 7888
8362 7889
3224 7890
7334 7891
2860 7892
8372 7893
792 7894
2728 7895
7349 7896
9796 7897
4108 7898
5095 7899
6669 7900
1459 7901
9859 7902
2507 7903
1130 7904
445 7905
4582 7906
7748 7907
4246 7908
2633 7909
8505 7910
5177 7911
8242 7912
1680 7913
7425 7914
8618 7915
5483 7916
6785 7917
5412 7918
7510 7919
792 7920
2746 7921
9475 7922
4575 7923
2435 7924
749 7925
533 7926
4956 7927
643 7928
4548 7929
4790 7930
4839 7931
4763 7932
3296 7933
9518 7934
192 7935
4597 7936
6614 7937
8678 7938
7958 7939
2395 7940
9144 7941
2861 7942
6014 7943
6095 7944
6529 7945
4075 7946
6939 7947
2841 7948
7296 7949
3305 7950
7618 7951
5816 7952
3001 7953
3350 7954
2092 7955
7089 7956
3953 7957
5316 7958
3654 7959
9332 7960
9947 7961
3522 7962
129 7963
7476 7964
819 7965
9556 7966
2531 7967
4532 7968
1204 7969
7266 7970
773 7971
9792 7972
7124 7973
532 7974
9884 7975
5699 7976
3646 7977
9302 7978
2600 7979
1029 7980
3603 7981
8461 7982
6668 7983
4478 7984
8773 7985
5988 7986
7705 7987
1682 7988
4075 7989
9431 7990
1270 7991
779 7992
7691 7993
3082 7994
1577 7995
5739 7996
35 7997
8137 7998
9565 7999
5152 8000
3778 8001
337 8002
3961 8003
430 8004
8838 8005
1572 8006
2441 8007
4035 8008
7522 8009
6806 8010
943 8011
601 8012
5129 8013
1708 8014
1519 8015
2552 8016
4993 8017
940 8018
4721 8019
6074 8020
1452 8021
5682 8022
4924 8023
3224 8024
5458 8025
3702 8026
3811 8027
6223 8028
6214 8029
3790 8030
8657 8031
427 8032
9028 8033
589 8034
4805 8035
9936 8036
3409 8037
3842 8038
2218 8039
8336 8040
7740 8041
2293 8042
1751 8043
2683 8044
7162 8045
675 8046
2742 8047
4583 8048
1851 8049
8603 8050
2083 8051
9119 8052
810 8053
7631 8054
1342 8055
8101 8056
9137 8057
928 8058
8327 8059
427 8060
7337 8061
7820 8062
238 8063
3177 8064
3667 8065
5262 8066
647 8067
1944 8068
5996 8069
5335 8070
8879 8071
5869 8072
6314 8073
8142 8074
235 8075
251 8076
4684 8077
5556 8078
6977 8079
3919 8080
9917 8081
8915 8082
4826 8083
7832 8084
6824 8085
3147 8086
690 8087
2885 8088
7832 8089
6855 8090
4409 8091
9361 8092
7239 8093
7378 8094
1962 8095
864 8096
3421 8097
86 8098
4179 8099
7988 8100
8498 8101
5607 8102
6404 8103
3014 8104
8690 8105
8233 8106
252 8107
5779 8108
316 8109
2394 8110
4175 8111
7674 8112
6244 8113
1329 8114
7980 8115
739 8116
6628 8117
8451 8118
6014 8119
1780 8120
1003 8121
703 8122
8758 8123
4461 8124
7999 8125
1580 8126
3315 8127
1129 8128
2041 8129
4588 8130
5727 8131
4632 8132
5508 8133
1340 8134
4459 8135
5409 8136
3121 8137
7831 8138
6027 8139
9622 8140
5622 8141
9457 8142
3298 8143
5835 8144
2820 8145
5826 8146
7624 8147
9818 8148
204 8149
9974 8150
5977 8151
1296 8152
551 8153
6220 8154
2722 8155
6767 8156
6611 8157
4529 8158
1214 8159
3231 8160
6081 8161
9125 8162
2950 8163
3479 8164
8361 8165
7930 8166
4059 8167
4890 8168
4292 8169
2403 8170
5797 8171
3317 8172
9948 8173
1986 8174
4282 8175
3927 8176
2344 8177
1356 8178
9649 8179
7288 8180
7787 8181
9824 8182
3145 8183
4312 8184
2095 8185
6339 8186
8773 8187
7638 8188
8777 8189
4231 8190
1666 8191
5377 8192
5879 8193
9879 8194
3355 8195
2458 8196
3550 8197
2639 8198
665 8199
4846 8200
3685 8201
6110 8202
9046 8203
7226 8204
7460 8205
1136 8206
6445 8207
734 8208
1044 8209
5621 8210
7058 8211
7490 8212
803 8213
9287 8214
8501 8215
6553 8216
8857 8217
1624 8218
6000 8219
7317 8220
9682 8221
3116 8222
1852 8223
1595 8224
8647 8225
34 8226
6330 8227
9738 8228
1776 8229
5272 8230
7802 8231
6003 8232
2876 8233
7144 8234
3342 8235
7434 8236
814 8237
1121 8238
3102 8239
5266 8240
3508 8241
7840 8242
5785 8243
5200 8244
5016 8245
9310 8246
597 8247
8596 8248
8373 8249
6526 8250
8513 8251
9631 8252
9486 8253
6733 8254
3356 8255
5902 8256
2682 8257
8397 8258
2746 8259
2158 8260
645 8261
7017 8262
8498 8263
6622 8264
8072 8265
4112 8266
6601 8267
4568 8268
4446 8269
4990 8270
1924 8271
2093 8272
7668 8273
77 8274
4964 8275
462 8276
3766 8277
7816 8278
8071 8279
1049 8280
3346 8281
7403 8282
471 8283
4787 8284
5804 8285
1247 8286
9853 8287
4314 8288
402 8289
3423 8290
535 8291
7585 8292
3734 8293
6930 8294
6578 8295
2795 8296
2423 8297
8312 8298
8184 8299
4805 8300
1659 8301
9067 8302
8638 8303
4922 8304
5896 8305
6613 8306
3832 8307
1339 8308
2722 8309
379 8310
6475 8311
2642 8312
2161 8313
7203 8314
8787 8315
3706 8316
8669 8317
9562 8318
4958 8319
3326 8320
8346 8321
9657 8322
4139 8323
1251 8324
4539 8325
9675 8326
3520 8327
6270 8328
4572 8329
6581 8330
2749 8331
3122 8332
8541 8333
2562 8334
5828 8335
9872 8336
5499 8337
7913 8338
6041 8339
2793 8340
3753 8341
7285 8342
8120 8343
3491 8344
9349 8345
6994 8346
6436 8347
4334 8348
4580 8349
3653 8350
1017 8351
2230 8352
2617 8353
642 8354
2277 8355
9027 8356
1840 8357
1258 8358
8256 8359
5905 8360
6223 8361
9110 8362
6534 8363
4799 8364
1218 8365
8908 8366
7434 8367
134 8368
1074 8369
5331 8370
3812 8371
6041 8372
166 8373
8637 8374
2238 8375
1626 8376
5474 8377
247 8378
6415 8379
4758 8380
5350 8381
4008 8382
694 8383
8254 8384
7949 8385
57 8386
3915 8387
3322 8388
1289 8389
3251 8390
1382 8391
6392 8392
8111 8393
7402 8394
9438 8395
4348 8396
8700 8397
5682 8398
9627 8399
9457 8400
8674 8401
8037 8402
4019 8403
484 8404
3935 8405
7097 8406
709 8407
4130 8408
1821 8409
7381 8410
8055 8411
1208 8412
7674 8413
1372 8414
4249 8415
225 8416
8355 8417
8156 8418
3383 8419
3297 8420
8945 8421
3787 8422
7631 8423
4442 8424
514 8425
5868 8426
6557 8427
7536 8428
2418 8429
1001 8430
6580 8431
2568 8432
2927 8433
1979 8434
4151 8435
8488 8436
8467 8437
80 8438
5515 8439
6465 8440
13 8441
5509 8442
8071 8443
1670 8444
4231 8445
3466 8446
8999 8447
1134 8448
9032 8449
4554 8450
3497 8451
5703 8452
936 8453
9696 8454
3780 8455
7482 8456
6152 8457
8533 8458
4497 8459
1261 8460
1226 8461
2418 8462
7084 8463
6699 8464
4224 8465
4941 8466
4601 8467
5377 8468
7109 8469
6712 8470
8647 8471
9821 8472
3572 8473
6605 8474
1703 8475
1098 8476
1903 8477
8912 8478
3457 8479
1507 8480
9893 8481
7399 8482
173 8483
7761 8484
2830 8485
4661 8486
8989 8487
3104 8488
5810 8489
6349 8490
25 8491
5373 8492
5394 8493
1238 8494
1553 8495
706 8496
920 8497
6635 8498
9923 8499
6980 8500
6865 8501
2641 8502
4752 8503
6637 8504
7608 8505
4617 8506
918 8507
9713 8508
4233 8509
5107 8510
9510 8511
2290 8512
3281 8513
1261 8514
7299 8515
2409 8516
8135 8517
6020 8518
380 8519
2899 8520
8561 8521
2303 8522
1190 8523
422 8524
473 8525
6610 8526
6754 8527
9114 8528
7392 8529
4868 8530
5423 8531
8477 8532
6232 8533
3135 8534
1865 8535
2013 8536
3599 8537
2104 8538
8028 8539
2202 8540
5408 8541
4581 8542
9255 8543
2009 8544
4807 8545
6758 8546
3529 8547
4492 8548
8040 8549
3188 8550
131 8551
4428 8552
7756 8553
7366 8554
693 8555
121 8556
6931 8557
1084 8558
8965 8559
5961 8560
1536 8561
8015 8562
1736 8563
9344 8564
1699 8565
7692 8566
5060 8567
2024 8568
5316 8569
6669 8570
559 8571
4654 8572
8285 8573
7003 8574
8927 8575
6669 8576
6047 8577
7296 8578
2956 8579
8519 8580
7677 8581
7928 8582
1247 8583
5987 8584
907 8585
7466 8586
1078 8587
1219 8588
2993 8589
2305 8590
5016 8591
5042 8592
1986 8593
9309 8594
108 8595
1058 8596
6731 8597
5864 8598
2614 8599
2477 8600
3515 8601
1849 8602
289 8603
6530 8604
7715 8605
9014 8606
2267 8607
8086 8608
6653 8609
9305 8610
3715 8611
4436 8612
1303 8613
1300 8614
6539 8615
5341 8616
9230 8617
9546 8618
9513 8619
6491 8620
9815 8621
210 8622
6460 8623
8267 8624
2776 8625
5998 8626
8477 8627
8487 8628
59 8629
5409 8630
1462 8631
42 8632
4231 8633
4855 8634
739 8635
1661 8636
7641 8637
2666 8638
8356 8639
8744 8640
5696 8641
4402 8642
7099 8643
3058 8644
8931 8645
9221 8646
759 8647
3371 8648
598 8649
7668 8650
7075 8651
8717 8652
7055 8653
9217 8654
1125 8655
4367 8656
9965 8657
8887 8658
8737 8659
5854 8660
9281 8661
5955 8662
6929 8663
6214 8664
1751 8665
1176 8666
8603 8667
8880 8668
1235 8669
6795 8670
2660 8671
8506 8672
7830 8673
9366 8674
3103 8675
3256 8676
687 8677
6008 8678
6061 8679
8148 8680
6644 8681
9792 8682
8068 8683
8979 8684
3154 8685
3975 8686
6815 8687
8153 8688
1296 8689
8673 8690
6217 8691
5689 8692
7596 8693
4959 8694
1283 8695
9552 8696
1478 8697
1251 8698
1104 8699
8981 8700
3023 8701
8121 8702
535 8703
3467 8704
5955 8705
515 8706
8999 8707
7627 8708
1939 8709
4088 8710
458 8711
3463 8712
3071 8713
370 8714
462 8715
7552 8716
7046 8717
5101 8718
2023 8719
1066 8720
9270 8721
2503 8722
8488 8723
9182 8724
710 8725
4867 8726
7707 8727
4590 8728
4379 8729
7215 8730
4808 8731
1678 8732
1234 8733
205 8734
6950 8735
6992 8736
7989 8737
4664 8738
7548 8739
7269 8740
3363 8741
7178 8742
1998 8743
6668 8744
6101 8745
2626 8746
4064 8747
2987 8748
5065 8749
8443 8750
4401 8751
7394 8752
5245 8753
395 8754
3357 8755
9731 8756
4475 8757
7663 8758
7958 8759
1758 8760
5083 8761
7290 8762
7024 8763
4145 8764
2 8765
4539 8766
8519 8767
9438 8768
3220 8769
1400 8770
3482 8771
3601 8772
2608 8773
3684 8774
2500 8775
5819 8776
5651 8777
7488 8778
1625 8779
3238 8780
1852 8781
271 8782
3514 8783
9374 8784
7209 8785
1899 8786
1056 8787
2013 8788
3830 8789
2478 8790
7047 8791
9487 8792
9667 8793
826 8794
1104 8795
7227 8796
9705 8797
4068 8798
3454 8799
707 8800
1055 8801
205 8802
6667 8803
7982 8804
7318 8805
5102 8806
7108 8807
4977 8808
8885 8809
1334 8810
4833 8811
215 8812
1516 8813
5867 8814
2018 8815
5978 8816
4201 8817
7953 8818
5531 8819
8086 8820
9647 8821
3687 8822
6475 8823
6236 8824
6337 8825
1559 8826
595 8827
4443 8828
2435 8829
1109 8830
8216 8831
6563 8832
7143 8833
9433 8834
9608 8835
8944 8836
7067 8837
1075 8838
5039 8839
7432 8840
122 8841
2545 8842
6390 8843
1323 8844
7386 8845
271 8846
1337 8847
9278 8848
2657 8849
5221 8850
1454 8851
2112 8852
1196 8853
1190 8854
8029 8855
8329 8856
2566 8857
3180 8858
3914 8859
25 8860
2966 8861
629 8862
1551 8863
4918 8864
5199 8865
245 8866
1823 8867
5479 8868
1948 8869
6214 8870
9674 8871
1067 8872
7883 8873
3364 8874
8165 8875
1136 8876
4316 8877
2710 8878
7993 8879
5356 8880
45 8881
9424 8882
5568 8883
4012 8884
9686 8885
1585 8886
2004 8887
6815 8888
202 8889
7312 8890
4628 8891
3457 8892
1426 8893
5067 8894
2596 8895
1991 8896
5610 8897
7264 8898
3093 8899
4978 8900
2221 8901
8523 8902
1718 8903
9283 8904
4117 8905
2275 8906
9876 8907
972 8908
4611 8909
5202 8910
3259 8911
1042 8912
5018 8913
5311 8914
3249 8915
3492 8916
4358 8917
8741 8918
5003 8919
3357 8920
6506 8921
6542 8922
1761 8923
939 8924
8103 8925
8951 8926
5619 8927
6272 8928
23 8929
3844 8930
1886 8931
9621 8932
7888 8933
1207 8934
1607 8935
6380 8936
2998 8937
9301 8938
2666 8939
5795 8940
9452 8941
9030 8942
1976 8943
7679 8944
3388 8945
2243 8946
2898 8947
7259 8948
2772 8949
6542 8950
9221 8951
7099 8952
504 8953
2215 8954
2219 8955
9246 8956
3293 8957
6737 8958
1174 8959
7793 8960
7510 8961
4214 8962
861 8963
1564 8964
1054 8965
545 8966
8462 8967
7925 8968
4385 8969
1683 8970
7880 8971
7468 8972
8846 8973
601 8974
6922 8975
1558 8976
7176 8977
6605 8978
2988 8979
6498 8980
4580 8981
1468 8982
2779 8983
1775 8984
5909 8985
6717 8986
3773 8987
1800 8988
6123 8989
7675 8990
986 8991
9883 8992
9583 8993
5374 8994
5838 8995
868 8996
8740 8997
1488 8998
5870 8999
7940 9000
5634 9001
641 9002
183 9003
3728 9004
337 9005
5405 9006
4562 9007
7493 9008
8678 9009
9972 9010
3298 9011
7143 9012
9528 9013
9221 9014
9892 9015
6552 9016
8076 9017
9522 9018
4099 9019
5443 9020
6228 9021
463 9022
1864 9023
5279 9024
8203 9025
9429 9026
7761 9027
6156 9028
5931 9029
2225 9030
4190 9031
7825 9032
8247 9033
9465 9034
7188 9035
959 9036
7357 9037
3614 9038
941 9039
2625 9040
1076 9041
1031 9042
1288 9043
6862 9044
8969 9045
7663 9046
8713 9047
5603 9048
6215 9049
6444 9050
9564 9051
1793 9052
6215 9053
8961 9054
4861 9055
9915 9056
2886 9057
1820 9058
2994 9059
100 9060
3486 9061
8253 9062
9691 9063
8446 9064
2964 9065
2479 9066
1590 9067
101 9068
3456 9069
7350 9070
9502 9071
3849 9072
2205 9073
4056 9074
3591 9075
598 9076
2337 9077
4628 9078
380 9079
7730 9080
614 9081
3246 9082
5939 9083
5266 9084
6539 9085
335 9086
8578 9087
9029 9088
8402 9089
9014 9090
3713 9091
7866 9092
399 9093
834 9094
8378 9095
2283 9096
101 9097
2616 9098
2213 9099
5735 9100
172 9101
3572 9102
4774 9103
3147 9104
5709 9105
3544 9106
3961 9107
2020 9108
9720 9109
1876 9110
877 9111
1124 9112
493 9113
4923 9114
5958 9115
3026 9116
7756 9117
9461 9118
8377 9119
4527 9120
8933 9121
9464 9122
5410 9123
9077 9124
8607 9125
4598 9126
2322 9127
9194 9128
2970 9129
3216 9130
1748 9131
7425 9132
4440 9133
4830 9134
4658 9135
7290 9136
4633 9137
9009 9138
4723 9139
5956 9140
3784 9141
8921 9142
6710 9143
2055 9144
3596 9145
4676 9146
2394 9147
4243 9148
3579 9149
6227 9150
9332 9151
826 9152
2868 9153
6804 9154
5849 9155
3075 9156
6210 9157
327 9158
8095 9159
877 9160
43 9161
9726 9162
5327 9163
4772 9164
4094 9165
8190 9166
938 9167
1697 9168
598 9169
3117 9170
1262 9171
9209 9172
16 9173
915 9174
5745 9175
1958 9176
6553 9177
6149 9178
8167 9179
4872 9180
7456 9181
8748 9182
2161 9183
8759 9184
1504 9185
8636 9186
361 9187
9132 9188
2588 9189
9719 9190
8304 9191
4250 9192
7608 9193
6979 9194
3887 9195
509 9196
9581 9197
499 9198
1460 9199
5821 9200
2770 9201
5854 9202
5032 9203
7478 9204
2067 9205
8101 9206
3583 9207
6786 9208
9704 9209
161 9210
729 9211
2741 9212
2525 9213
6118 9214
3825 9215
4218 9216
2336 9217
8402 9218
3900 9219
7004 9220
7462 9221
936 9222
5519 9223
1706 9224
6445 9225
6897 9226
5782 9227
9761 9228
2773 9229
8725 9230
4293 9231
4281 9232
9754 9233
8409 9234
4440 9235
9546 9236
2301 9237
1082 9238
1828 9239
7952 9240
3343 9241
8975 9242
8404 9243
6615 9244
875 9245
5821 9246
5806 9247
6458 9248
3297 9249
8627 9250
9902 9251
2553 9252
4650 9253
1770 9254
8269 9255
8446 9256
4680 9257
18 9258
683 9259
3088 9260
6470 9261
2542 9262
2922 9263
5223 9264
4611 9265
9952 9266
4061 9267
6259 9268
7626 9269
2883 9270
8873 9271
7653 9272
9693 9273
7618 9274
5191 9275
196 9276
5132 9277
6061 9278
8469 9279
3665 9280
3605 9281
5445 9282
5578 9283
8671 9284
9375 9285
9577 9286
8505 9287
514 9288
8544 9289
4107 9290
632 9291
35 9292
1863 9293
5415 9294
4668 9295
3027 9296
8349 9297
9932 9298
2110 9299
5548 9300
3644 9301
8894 9302
6424 9303
607 9304
629 9305
6632 9306
6044 9307
1685 9308
6462 9309
3038 9310
9032 9311
3931 9312
3536 9313
589 9314
2963 9315
9712 9316
8942 9317
8029 9318
8787 9319
4311 9320
1814 9321
2828 9322
1012 9323
7414 9324
2963 9325
4045 9326
235 9327
4334 9328
4824 9329
4515 9330
3339 9331
7913 9332
9623 9333
8472 9334
6074 9335
2886 9336
74 9337
432 9338
3149 9339
7840 9340
3868 9341
782 9342
3645 9343
8492 9344
8581 9345
533 9346
484 9347
137 9348
2517 9349
6778 9350
1464 9351
8631 9352
8764 9353
1530 9354
6043 9355
3042 9356
9184 9357
1357 9358
1602 9359
9815 9360
572 9361
6060 9362
1594 9363
2097 9364
8860 9365
338 9366
7726 9367
5754 9368
7598 9369
4686 9370
6675 9371
244 9372
4544 9373
2214 9374
2603 9375
2625 9376
8971 9377
7651 9378
9656 9379
1658 9380
7810 9381
3548 9382
1741 9383
9301 9384
6958 9385
757 9386
287 9387
5078 9388
2480 9389
3479 9390
6343 9391
4191 9392
1274 9393
4332 9394
4807 9395
7497 9396
1636 9397
1 9398
8568 9399
8446 9400
3256 9401
6778 9402
3951 9403
1800 9404
1365 9405
3490 9406
1866 9407
2423 9408
2149 9409
3844 9410
7233 9411
5851 9412
1208 9413
3944 9414
8041 9415
5055 9416
184 9417
5993 9418
3829 9419
3455 9420
1219 9421
8947 9422
6060 9423
6258 9424
6921 9425
6092 9426
7958 9427
8545 9428
7399 9429
7615 9430
4103 9431
3482 9432
6722 9433
2164 9434
2731 9435
9866 9436
8756 9437
4564 9438
2953 9439
9964 9440
4208 9441
8115 9442
1148 9443
1602 9444
3958 9445
5842 9446
908 9447
5989 9448
8079 9449
4536 9450
9648 9451
3770 9452
6647 9453
1568 9454
147 9455
7868 9456
9198 9457
4151 9458
843 9459
794 9460
9692 9461
2617 9462
3467 9463
7447 9464
8235 9465
7507 9466
5239 9467
1250 9468
2484 9469
2960 9470
729 9471
7102 9472
6046 9473
1783 9474
8341 9475
6049 9476
1840 9477
4034 9478
7412 9479
8181 9480
2858 9481
5340 9482
3227 9483
8585 9484
7318 9485
956 9486
9211 9487
4078 9488
4006 9489
7172 9490
2490 9491
3068 9492
7257 9493
8760 9494
6069 9495
3866 9496
2609 9497
7895 9498
2654 9499
1813 9500
6949 9501
6876 9502
9061 9503
595 9504
2274 9505
3001 9506
5689 9507
5067 9508
7569 9509
6069 9510
9018 9511
4689 9512
7587 9513
5360 9514
766 9515
6927 9516
4456 9517
9504 9518
8431 9519
5519 9520
9337 9521
8173 9522
8623 9523
8699 9524
876 9525
6408 9526
3639 9527
6386 9528
7368 9529
50 9530
1304 9531
7182 9532
8983 9533
4617 9534
8139 9535
7637 9536
8982 9537
3367 9538
3432 9539
5934 9540
4910 9541
163 9542
8806 9543
6346 9544
5894 9545
195 9546
7374 9547
5778 9548
6605 9549
3581 9550
8746 9551
1804 9552
4461 9553
6814 9554
2201 9555
491 9556
6040 9557
2829 9558
5320 9559
8632 9560
3549 9561
425 9562
1453 9563
9480 9564
7327 9565
4109 9566
2829 9567
7111 9568
4001 9569
2187 9570
3689 9571
6288 9572
6162 9573
2910 9574
2539 9575
5111 9576
3190 9577
439 9578
2498 9579
6521 9580
8541 9581
4971 9582
1119 9583
799 9584
2135 9585
3949 9586
9120 9587
1987 9588
4813 9589
5572 9590
1037 9591
7618 9592
5694 9593
3858 9594
6604 9595
7999 9596
2635 9597
8307 9598
6012 9599
5329 9600
3627 9601
6603 9602
5076 9603
1054 9604
1144 9605
2230 9606
1642 9607
5649 9608
7383 9609
7540 9610
6272 9611
9787 9612
2407 9613
7610 9614
681 9615
9068 9616
8710 9617
7476 9618
7133 9619
1705 9620
5171 9621
16 9622
9769 9623
9432 9624
398 9625
9928 9626
8858 9627
9673 9628
2434 9629
9457 9630
1256 9631
4582 9632
9839 9633
8160 9634
6240 9635
785 9636
7442 9637
3922 9638
1004 9639
5360 9640
7575 9641
7085 9642
1159 9643
1616 9644
5447 9645
6660 9646
6958 9647
6948 9648
2773 9649
1541 9650
477 9651
6303 9652
4617 9653
2231 9654
9186 9655
9913 9656
2277 9657
7046 9658
1977 9659
2870 9660
2276 9661
1358 9662
1637 9663
8516 9664
198 9665
1491 9666
8250 9667
1806 9668
2479 9669
2711 9670
657 9671
5073 9672
4561 9673
4459 9674
9352 9675
7972 9676
8169 9677
3339 9678
213 9679
7273 9680
2453 9681
5560 9682
8853 9683
4925 9684
2322 9685
9961 9686
4914 9687
6971 9688
8321 9689
7212 9690
3422 9691
4078 9692
8203 9693
4557 9694
9316 9695
2338 9696
1923 9697
9364 9698
1226 9699
9955 9700
7008 9701
5090 9702
6435 9703
2225 9704
6351 9705
9376 9706
5932 9707
5695 9708
2875 9709
3471 9710
8108 9711
3214 9712
6162 9713
397 9714
1767 9715
2858 9716
7653 9717
6551 9718
6796 9719
4858 9720
6006 9721
1821 9722
5336 9723
595 9724
5279 9725
8493 9726
7109 9727
4311 9728
5886 9729
5705 9730
9786 9731
8071 9732
969 9733
238 9734
9402 9735
5089 9736
1408 9737
8317 9738
5757 9739
4787 9740
5522 9741
1086 9742
9726 9743
2485 9744
6976 9745
2511 9746
1489 9747
3446 9748
39 9749
4035 9750
2455 9751
6045 9752
5722 9753
8064 9754
1232 9755
7782 9756
594 9757
7932 9758
7437 9759
7754 9760
4202 9761
6939 9762
2082 9763
927 9764
1336 9765
5350 9766
9765 9767
701 9768
2762 9769
7813 9770
6521 9771
4589 9772
5738 9773
4652 9774
9520 9775
7949 9776
808 9777
7001 9778
5644 9779
8907 9780
2765 9781
8746 9782
3190 9783
4381 9784
9946 9785
5156 9786
6471 9787
8337 9788
6137 9789
1391 9790
7240 9791
4215 9792
2067 9793
130 9794
8998 9795
5952 9796
5194 9797
637 9798
416 9799
2440 9800
9120 9801
7715 9802
5641 9803
1527 9804
3009 9805
7951 9806
4134 9807
2643 9808
5755 9809
1475 9810
3539 9811
969 9812
3957 9813
133 9814
669 9815
199 9816
3141 9817
919 9818
2200 9819
6037 9820
6725 9821
974 9822
3561 9823
4346 9824
2553 9825
6468 9826
3858 9827
2441 9828
1716 9829
6090 9830
3207 9831
9236 9832
336 9833
8064 9834
4029 9835
9784 9836
9294 9837
7025 9838
9493 9839
1299 9840
6016 9841
3593 9842
2031 9843
6921 9844
7640 9845
3791 9846
3195 9847
7000 9848
6362 9849
4981 9850
6550 9851
9893 9852
576 9853
7251 9854
6582 9855
8971 9856
3308 9857
5199 9858
1010 9859
2573 9860
8232 9861
5290 9862
6162 9863
7254 9864
2595 9865
2746 9866
4938 9867
9526 9868
6330 9869
6152 9870
3665 9871
2988 9872
627 9873
3835 9874
1977 9875
9518 9876
6104 9877
8482 9878
5493 9879
616 9880
8635 9881
1570 9882
8014 9883
1357 9884
2813 9885
4589 9886
9975 9887
1166 9888
1128 9889
5348 9890
1431 9891
9852 9892
1896 9893
8490 9894
9740 9895
4147 9896
3384 9897
3387 9898
954 9899
5199 9900
4165 9901
5473 9902
9704 9903
4263 9904
7302 9905
5681 9906
1043 9907
5386 9908
4060 9909
1420 9910
1288 9911
9009 9912
8258 9913
1492 9914
6208 9915
4454 9916
3607 9917
7536 9918
6654 9919
2626 9920
3580 9921
2434 9922
8363 9923
9499 9924
7267 9925
9121 9926
591 9927
7413 9928
8754 9929
3121 9930
4444 9931
8379 9932
7758 9933
6280 9934
9120 9935
7391 9936
647 9937
693 9938
7681 9939
9358 9940
5688 9941
3249 9942
9021 9943
666 9944
4997 9945
1315 9946
6558 9947
4749 9948
4160 9949
5105 9950
1386 9951
6943 9952
7825 9953
8461 9954
5243 9955
9503 9956
6985 9957
8036 9958
8148 9959
2959 9960
3012 9961
1976 9962
2076 9963
353 9964
9472 9965
8390 9966
4799 9967
2385 9968
8614 9969
2097 9970
6452 9971
2523 9972
9673 9973
515 9974
7625 9975
9781 9976
2001 9977
836 9978
8274 9979
556 9980
1846 9981
2464 9982
1270 9983
1782 9984
5194 9985
4365 9986
7337 9987
4452 9988
7804 9989
4284 9990
2429 9991
4173 9992
5318 9993
3999 9994
3577 9995
6778 9996
1815 9997
5205 9998
7089 9999
