368 0
502 2
204 3
769 4
431 5
820 6
848 7
839 8
27 9
131 10
982 11
656 12
63 13
668 14
228 15
660 16
839 17
932 18
604 19
516 20
406 21
264 22
127 23
740 24
489 25
709 26
620 27
946 28
737 29
386 30
68 31
345 32
745 33
729 34
261 35
531 36
749 37
90 38
50 39
960 40
871 41
465 42
314 43
5 44
375 45
139 46
291 47
323 48
821 49
115 50
503 51
283 52
83 53
875 54
193 55
191 56
184 57
21 58
941 59
786 60
127 61
644 62
683 63
619 64
598 65
664 66
267 67
715 68
51 69
688 70
667 71
326 72
341 73
637 74
612 75
541 76
992 77
436 78
475 79
755 80
64 81
359 82
567 83
579 84
922 85
3 86
426 87
122 88
826 89
930 90
147 91
990 92
587 93
535 94
534 95
582 96
908 97
441 98
249 99
862 100
437 101
611 102
772 103
264 104
230 105
474 106
616 107
47 108
162 109
290 110
439 111
63 112
408 113
354 114
122 115
260 116
69 117
585 118
996 119
965 120
503 121
310 122
540 123
294 124
875 125
161 126
37 127
438 128
546 129
966 130
493 131
369 132
570 133
638 134
154 135
509 136
535 137
97 138
370 139
97 140
926 141
754 142
921 143
452 144
504 145
761 146
577 147
858 148
786 149
336 150
812 151
403 152
950 153
243 154
266 155
88 156
289 157
129 158
665 159
838 160
895 161
68 162
174 163
463 164
613 165
619 166
707 167
956 168
851 169
464 170
596 171
92 172
293 173
75 174
299 175
583 176
403 177
602 178
997 179
748 180
51 181
436 182
611 183
60 184
910 185
827 186
603 187
419 188
772 189
627 190
635 191
641 192
979 193
360 194
970 195
238 196
286 197
705 198
31 199
820 200
551 201
36 202
499 203
8 204
30 205
148 206
368 207
601 208
586 209
398 210
274 211
646 212
336 213
59 214
961 215
544 216
901 217
66 218
478 219
65 220
254 221
410 222
520 223
541 224
929 225
843 226
882 227
667 228
126 229
390 230
674 231
408 232
53 233
154 234
776 235
945 236
477 237
759 238
383 239
598 240
468 241
193 242
965 243
83 244
270 245
983 246
982 247
204 248
68 249
695 250
992 251
83 252
961 253
204 254
218 255
684 256
661 257
356 258
860 259
815 260
163 261
223 262
920 263
892 264
796 265
53 266
647 267
917 268
31 269
687 270
850 271
816 272
133 273
620 274
937 275
593 276
354 277
905 278
542 279
873 280
860 281
363 282
792 283
253 284
821 285
910 286
519 287
138 288
805 289
664 290
720 291
132 292
1 293
369 294
421 295
360 296
441 297
4 298
133 299
670 300
814 301
646 302
442 303
350 304
427 305
400 306
824 307
280 308
40 309
173 310
188 311
647 312
36 313
311 314
165 315
894 316
678 317
73 318
41 319
331 320
789 321
906 322
65 323
368 324
528 325
430 326
121 327
177 328
569 329
539 330
753 331
511 332
938 333
817 334
414 335
454 336
914 337
159 338
907 339
369 340
926 341
450 342
878 343
33 344
738 345
335 346
696 347
697 348
0 349
338 350
114 351
80 352
935 353
25 354
496 355
822 356
241 357
88 358
474 359
448 360
575 361
34 362
298 363
766 364
665 365
556 366
511 367
863 368
916 369
982 370
769 371
766 372
465 373
884 374
521 375
974 376
513 377
972 378
500 379
394 380
457 381
50 382
715 383
243 384
211 385
555 386
82 387
881 388
442 389
910 390
247 391
75 392
678 393
985 394
283 395
575 396
769 397
823 398
44 399
249 400
469 401
174 402
720 403
444 404
869 405
847 406
523 407
889 408
852 409
317 410
437 411
567 412
529 413
136 414
966 415
73 416
873 417
416 418
542 419
932 420
63 421
241 422
522 423
152 424
417 425
421 426
711 427
610 428
960 429
91 430
276 431
20 432
104 433
254 434
88 435
400 436
141 437
815 438
709 439
689 440
47 441
211 442
569 443
491 444
634 445
773 446
635 447
396 448
968 449
897 450
192 451
804 452
965 453
199 454
363 455
516 456
543 457
17 458
237 459
436 460
650 461
336 462
726 463
605 464
191 465
930 466
636 467
333 468
915 469
955 470
531 471
243 472
172 473
17 474
188 475
390 476
283 477
50 478
255 479
871 480
354 481
305 482
165 483
792 484
444 485
51 486
317 487
585 488
42 489
935 490
224 491
911 492
413 493
832 494
244 495
320 496
128 497
563 498
214 499
708 500
901 501
140 502
214 503
150 504
776 505
275 506
206 507
498 508
595 509
271 510
136 511
915 512
678 513
833 514
931 515
192 516
298 517
95 518
847 519
128 520
291 521
558 522
172 523
396 524
17 525
133 526
229 527
171 528
786 529
529 530
177 531
382 532
638 533
820 534
63 535
756 536
215 537
692 538
652 539
12 540
606 541
157 542
578 543
258 544
933 545
72 546
816 547
112 548
123 549
712 550
560 551
919 552
126 553
286 554
834 555
297 556
696 557
401 558
108 559
588 560
204 561
253 562
255 563
224 564
681 565
53 566
905 567
109 568
609 569
695 570
41 571
854 572
283 573
88 574
796 575
155 576
496 577
585 578
905 579
616 580
612 581
825 582
172 583
355 584
496 585
675 586
735 587
893 588
333 589
68 590
320 591
297 592
585 593
755 594
792 595
9 596
75 597
135 598
184 599
177 600
155 601
113 602
370 603
539 604
734 605
684 606
491 607
219 608
996 609
922 610
188 611
207 612
476 613
392 614
343 615
173 616
698 617
805 618
66 619
199 620
408 621
364 622
315 623
158 624
995 625
952 626
765 627
771 628
472 629
937 630
535 631
749 632
296 633
171 634
453 635
923 636
496 637
23 638
682 639
900 640
152 641
275 642
581 643
505 644
783 645
168 646
463 647
981 648
553 649
353 650
678 651
395 652
128 653
860 654
693 655
946 656
985 657
669 658
560 659
786 660
389 661
908 662
808 663
211 664
202 665
747 666
561 667
938 668
92 669
30 670
338 671
415 672
297 673
908 674
796 675
697 676
464 677
913 678
582 679
88 680
111 681
567 682
578 683
770 684
245 685
179 686
13 687
856 688
594 689
850 690
50 691
616 692
981 693
252 694
174 695
288 696
960 697
172 698
802 699
238 700
304 701
14 702
244 703
666 704
600 705
688 706
129 707
299 708
622 709
104 710
782 711
629 712
635 713
135 714
471 715
913 716
533 717
398 718
253 719
834 720
735 721
79 722
869 723
549 724
195 725
709 726
245 727
975 728
3 729
264 730
268 731
93 732
775 733
122 734
492 735
317 736
858 737
31 738
58 739
944 740
985 741
451 742
288 743
171 744
211 745
504 746
61 747
497 748
635 749
328 750
718 751
609 752
435 753
709 754
6 755
461 756
553 757
776 758
920 759
208 760
339 761
547 762
450 763
193 764
683 765
549 766
921 767
975 768
251 769
635 770
471 771
659 772
97 773
420 774
672 775
142 776
894 777
54 778
481 779
922 780
25 781
659 782
777 783
567 784
834 785
46 786
897 787
882 788
705 789
696 790
553 791
734 792
675 793
713 794
960 795
431 796
540 797
894 798
501 799
128 800
115 801
764 802
676 803
790 804
912 805
519 806
58 807
484 808
360 809
542 810
485 811
138 812
422 813
347 814
147 815
989 816
204 817
498 818
804 819
862 820
279 821
657 822
174 823
510 824
552 825
80 826
679 827
73 828
154 829
375 830
403 831
793 832
847 833
359 834
66 835
794 836
553 837
457 838
613 839
109 840
518 841
695 842
997 843
936 844
721 845
826 846
750 847
306 848
802 849
224 850
286 851
798 852
639 853
810 854
53 855
354 856
234 857
958 858
317 859
796 860
850 861
609 862
360 863
251 864
435 865
896 866
370 867
648 868
142 869
387 870
545 871
335 872
184 873
841 874
702 875
127 876
750 877
738 878
721 879
777 880
919 881
496 882
622 883
167 884
665 885
996 886
367 887
133 888
413 889
526 890
343 891
97 892
277 893
250 894
447 895
449 896
55 897
871 898
251 899
462 900
143 901
634 902
69 903
85 904
448 905
460 906
952 907
575 908
483 909
606 910
876 911
297 912
383 913
989 914
64 915
960 916
500 917
946 918
458 919
465 920
599 921
787 922
124 923
361 924
571 925
113 926
908 927
987 928
410 929
166 930
628 931
571 932
11 933
185 934
478 935
665 936
493 937
138 938
41 939
385 940
378 941
633 942
662 943
777 944
429 945
513 946
462 947
166 948
943 949
628 950
600 951
7 952
19 953
50 954
160 955
984 956
59 957
31 958
562 959
997 960
452 961
214 962
466 963
207 964
443 965
956 966
207 967
997 968
824 969
999 970
627 971
764 972
20 973
257 974
431 975
781 976
920 977
243 978
145 979
501 980
278 981
325 982
113 983
256 984
913 985
817 986
101 987
493 988
768 989
597 990
803 991
836 992
185 993
957 994
840 995
355 996
947 997
394 998
850 999
